2088
2828
1230
3037
4217
2665
3745
1871
3030
3064
3061
4359
3631
4270
4520
4714
2948
3206
4364
4521
3945
3157
1295
4017
1972
2336
2730
4394
3001
4450
4683
4680
4443
1903
4648
4250
4009
2837
2238
4238
4435
4201
4686
3942
2175
2474
4110
2496
4571
2189
3319
4468
2618
2222
3323
2142
4851
3934
4047
2216
2660
4449
2990
4274
4128
3487
2994
3143
3505
4786
2151
3041
4826
4845
2535
3547
3683
1805
4461
2406
2242
4006
2499
4771
3391
3023
3014
3048
4358
1839
2547
3511
3967
4704
2154
3225
3609
3641
1572
2517
3725
1836
4197
4496
2290
2906
4516
2779
4028
4084
2900
3662
3377
4380
2817
4459
3201
4410
3941
3811
1936
4171
2466
4689
3032
4363
2562
4452
2182
1947
3391
2128
1910
2073
4595
2566
1716
2419
3343
1399
4460
3633
2218
4517
4360
3620
4823
3775
2577
3916
4232
1959
4586
1956
3453
3725
1918
3734
4782
3019
3329
4636
2517
4556
4245
2547
2857
3900
4840
2240
3631
2301
2642
3624
2390
4325
4057
1649
3468
4021
4023
4687
4554
3932
2263
4265
4381
3655
4559
3945
3224
3643
1846
1511
4321
3567
4396
3680
4702
3223
2433
4051
3245
2394
1829
2929
2096
2351
2623
4149
3771
2242
3847
3538
3721
3828
1859
2656
3301
3040
4527
3763
2333
4088
4104
4634
4115
4153
3135
2651
4706
2784
2746
3721
4236
2821
2951
3803
1717
2794
4756
2323
3929
2515
3119
3488
4606
3041
3602
2211
1651
3909
4042
4353
3374
3348
4640
1681
2996
3771
2123
1971
2382
3861
3976
4785
1998
4345
3806
2308
4406
1940
4323
4874
3898
4183
2062
4561
3167
1991
2670
4144
2187
1813
2015
4721
2510
2556
3351
2541
2688
2582
3163
4375
3018
4188
3960
1429
4234
3301
3923
3695
1738
4197
3663
3899
3459
3634
2243
3349
4249
3917
3290
2547
3220
4691
2291
3085
3763
4361
4213
3425
2736
3126
2584
4466
3310
3799
2655
2973
4540
4632
3244
4311
2104
3896
2738
2173
2263
1783
3980
4441
1848
4622
4712
1975
2261
3608
2645
2170
2852
4693
4564
2676
1892
2008
4859
1599
2427
2993
3315
3191
1897
3810
3317
2326
2485
2626
3362
2871
3869
1501
3679
1543
4145
2032
4590
3145
4006
2783
3675
4133
1080
1245
3192
4287
2089
2334
4553
3806
4296
4538
4839
4006
1789
2622
3944
2078
2395
2247
4509
1951
4640
4665
4727
3675
2575
2870
3139
4533
3211
4957
2690
4489
2637
4863
4729
3122
2268
3135
3140
2583
3716
1933
4263
3910
3767
4648
3122
4675
1533
1354
1616
3395
4790
3773
2474
1923
3050
4571
3398
2320
1891
3644
2205
3941
4319
4975
1576
4360
1928
3635
3651
4116
3357
3878
3214
3612
3635
3224
3494
1735
3654
3748
4268
3419
3502
4260
4835
4697
4650
1722
1903
1969
4673
4199
3103
1904
1796
4072
2481
2494
2479
4611
2776
2772
2570
2716
4004
4292
3379
4046
2412
4290
4640
2623
4344
3872
4475
4391
1814
4605
4556
2837
2333
4884
3615
4327
2195
3980
4732
3316
4119
1697
2502
4407
4040
2587
4023
4025
4756
4444
1785
3251
4467
4390
3914
2282
4341
3414
4502
4196
1854
2095
1794
4343
4786
4367
3264
4619
1680
4481
3719
4638
2669
2513
2874
4637
4837
2095
2358
4083
4496
2978
3998
3244
4223
4214
4746
2607
1596
4315
4917
4650
2001
2214
4832
1843
2970
2470
4144
4744
2934
3459
3210
4235
4223
2309
4248
2345
4648
4629
2447
4352
4775
2118
3906
4385
2184
3032
2328
4848
2963
2370
4405
2017
2476
2324
2515
2131
2517
4861
4104
3397
2008
1645
2777
4512
4430
2563
4693
2623
4677
3163
4950
3856
2437
2643
3782
2819
3542
2418
2048
2480
3612
4429
4586
4602
4704
3785
3548
2873
2119
3069
2428
2176
4610
2135
4753
4100
2740
4175
4348
1825
2782
3333
4676
1521
2144
3169
4877
4048
4454
3473
3049
3482
3607
1764
3977
3669
1720
2691
4344
4395
2940
2126
4555
4856
2422
3930
4185
4536
4187
1966
1920
3375
4203
3703
3050
2976
2291
2960
3520
2215
4158
1835
1250
4362
1854
4365
2071
3127
3764
1861
3016
4579
4614
3580
3364
2083
3954
2729
1873
4582
3690
3931
2355
3029
4238
1579
2922
2827
2375
3461
2426
3469
4099
4204
2848
2420
1902
3232
2067
2321
4478
4100
3254
2936
2843
4338
2786
2079
1785
4337
1929
1996
4447
4716
1650
2965
3296
2375
4496
4159
4577
3296
2986
3186
1927
4368
3222
3262
2574
2008
3053
1563
4668
2266
1746
4691
1874
3667
4603
3046
2371
2048
2369
4735
2603
4458
2792
3870
4285
4291
1844
2489
4423
3384
4156
4557
3420
1961
4823
4720
4111
2921
4532
3114
3713
2809
1809
3550
2048
1976
4224
3580
4138
1908
4494
1849
4730
1445
3735
4237
2194
4035
4602
4558
2427
4681
4311
1900
1650
2870
1920
2013
4647
4089
3885
3454
3394
4382
3880
3925
3803
2002
2405
2215
2801
3963
2410
3320
1260
2189
1528
2409
2650
4281
2765
4129
3743
2476
4201
2108
2077
2185
3800
4409
4760
3888
1719
3640
4003
4629
2413
1463
2270
2594
2159
3954
2062
2051
3374
2106
2027
4503
3180
4773
3553
3021
4219
1982
1848
4273
3985
4117
3909
4605
4268
4487
1846
3816
2168
2398
4224
4640
2031
2652
2529
4940
3721
3132
3343
2463
4730
4738
4726
3275
3393
2068
2012
3318
4131
2674
3540
3239
1938
2095
2568
3990
2466
4132
2647
3968
4398
3699
3910
3757
2743
4723
3230
3151
1538
4417
2706
4986
1990
4285
2483
4399
4316
3628
1965
4386
4078
2030
4152
3042
4056
4236
2261
3301
3852
4519
1552
4224
4076
4109
2319
4231
1904
3562
2288
2566
4365
3655
3156
4332
4032
1895
3536
3661
3725
3243
4424
4282
3739
2862
4253
3335
2115
4070
2446
1825
3627
3531
4416
2398
1271
4743
2525
2931
4745
4512
2240
2545
4903
4684
2676
3336
3164
3337
2728
1943
3189
2789
4447
1952
3549