123
56
27
10
284
60
39
3
151
13
232
76
28
288
94
31
136
0
193
306
129
116
64
172
0
232
120
114
100
221
183
53
256
116
42
45
6
199
52
87
188
61
77
256
463
218
88
34
132
98
6
128
1
106
128
52
71
66
133
130
204
27
142
202
2
40
30
99
15
51
125
16
0
3
34
17
427
0
94
68
45
9
387
91
52
2
44
114
293
211
13
76
267
99
50
152
389
149
0
5
8
31
122
305
15
212
318
0
141
78
342
293
41
4
292
120
104
86
320
96
59
46
6
92
0
63
220
97
169
12
40
8
132
44
30
73
0
335
141
7
365
1
28
173
148
77
152
38
61
182
90
23
548
1
0
343
6
59
18
67
0
504
13
139
80
0
129
83
1
6
0
235
349
120
1
67
372
51
35
86
698
457
193
690
28
256
84
86
354
537
143
12
38
18
15
255
116
62
181
26
9
60
20
112
51
218
76
99
19
90
321
5
61
417
122
232
10
250
16
32
52
27
20
298
195
0
255
165
31
267
25
108
0
1
44
371
295
20
4
6
129
183
28
87
33
101
265
133
469
81
14
40
80
109
86
63
23
160
89
18
157
5
0
98
4
222
129
33
94
88
207
264
257
91
354
514
43
215
388
193
7
8
84
9
77
82
206
3
105
17
392
92
364
241
739
182
95
1
0
138
179
142
0
254
116
68
511
11
69
279
251
257
27
224
57
201
244
163
10
6
621
409
242
15
1
168
0
82
24
239
104
224
34
99
189
261
274
243
145
386
38
11
113
275
105
22
13
11
32
126
11
195
347
0
0
0
11
0
6
73
8
266
21
345
56
72
41
87
31
422
107
0
432
14
258
8
261
167
67
545
62
71
1
0
103
154
0
54
192
14
221
476
151
177
324
11
352
62
24
0
213
76
128
55
173
265
9
197
65
47
175
0
212
41
224
260
4
99
334
71
128
367
578
52
445
29
321
13
274
110
8
8
0
243
280
199
97
1
423
91
53
82
44
142
21
115
113
3
151
378
12
35
422
10
8
222
90
0
178
17
44
3
30
1
204
55
34
174
177
298
175
6
274
2
152
301
66
16
44
313
89
40
0
94
28
236
1
18
325
248
12
144
60
832
74
65
140
23
170
12
111
401
5
53
160
25
311
195
144
82
48
37
51
0
180
101
127
266
245
254
3
426
128
2
331
512
49
290
233
259
252
47
16
139
10
302
2
376
14
31
29
88
49
105
176
98
6
193
92
35
102
254
367
76
154
126
105
114
25
139
60
91
98
438
124
59
306
148
28
288
281
44
211
77
209
146
73
16
208
0
65
137
8
117
157
152
196
2
0
391
22
10
247
9
298
39
356
33
140
1
84
246
15
316
129
15
158
209
289
100
93
328
219
4
169
7
121
384
142
256
2
145
129
91
83
9
38
26
141
1
251
172
0
583
119
58
183
4
63
0
97
79
347
69
41
251
46
20
2
1
8
273
318
213
24
148
453
7
333
34
22
3
227
22
35
0
309
16
26
501
154
137
170
12
9
38
303
58
25
196
126
673
140
76
166
119
28
83
24
354
1
0
375
24
319
359
59
51
55
7
66
153
146
272
0
22
137
13
44
15
563
28
49
56
261
71
238
129
2
43
62
305
13
51
203
58
469
131
627
54
8
148
2
255
4
156
61
105
38
741
387
10
11
456
134
285
41
228
66
53
175
0
48
63
107
4
249
7
19
16
134
19
166
49
41
10
108
86
93
175
63
304
318
14
5
62
222
150
106
225
44
153
78
217
339
885
352
79
288
50
6
29
0
100
238
68
382
198
50
18
0
56
3
325
36
102
121
135
91
49
5
15
4
126
0
55
148
124
144
39
17
159
0
92
190
139
18
59
119
290
17
237
9
73
170
13
6
84
231
201
231
250
101
113
13
29
0
274
2
176
21
139
61
109
25
33
336
94
2
183
4
15
34
197
59
153
55
177
121
58
458
7
29
236
104
334
423
106
34
126
8
7
158
74
67
264
111
19
144
0
413
125
52
7
68
227
23
142
195
88
206
103
374
100
155
190
90
76
65
142
389
0
272
168
368
24
46
330
276
53
5
12
18
42
50
1
42
39
274
26
96
14
5
106
422
11
191
25
0
57
266
126
90
330
65
158
445
53
48
234
127
153
1
112
502
9
81
272
72
98
1
14
302
297
245
206
0
396
9
132
175
0
148
32
111
63
84
67
80
171
65
8
133
81
149
122
42
198
1
57
753
308
158
94
151
473
155
1
138