1712
1701
1897
1618
666
1646
1214
1943
1461
1568
1686
278
1087
846
468
219
1867
1618
510
549
1006
1698
1938
811
2054
1823
1871
563
1455
577
310
220
495
1896
168
591
883
1649
1655
550
524
498
191
1106
2046
1570
760
1859
371
1969
1564
349
1704
1743
1572
1979
121
976
862
1492
1521
408
1904
729
559
876
1537
1520
1334
99
1984
1644
0
2
1663
1314
1337
1861
470
1881
1910
941
1908
67
1294
1808
1528
1400
700
1902
1880
1201
1115
232
1857
1640
1502
1182
1987
1964
1109
2131
755
621
1931
1785
315
1743
881
915
1537
1369
1480
502
1404
449
1472
160
1172
985
1966
541
1890
159
1669
362
1498
330
1999
1979
1331
1724
1961
1949
123
1551
2043
2004
1468
1856
506
1281
1999
495
692
1208
204
1134
1721
1080
354
1989
785
1919
1439
1254
1843
1031
17
1625
1426
709
1724
113
16
2040
1704
1046
2
1793
1277
1761
1996
1129
1959
424
860
2032
1343
914
1526
644
475
1424
2091
883
462
1132
583
1304
1466
1307
1898
2002
561
1365
516
1259
316
1406
1667
763
1616
1604
1839
1302
1753
1799
1785
777
1313
1932
934
1200
797
1155
1995
1704
1297
1715
196
1043
1832
819
742
14
921
642
1493
1941
43
1588
1477
1025
408
1740
1711
1005
1967
1774
123
1852
987
1561
1291
1231
529
1392
1590
1888
1771
1056
976
433
1474
1473
158
1998
1662
1125
1941
1807
1976
1115
1000
313
1839
467
1148
1933
424
1806
749
80
1152
1107
1783
484
1780
1963
1650
796
1762
1863
2077
54
1701
1702
1531
1743
2118
1485
1698
633
1784
885
934
1720
430
1694
1107
1124
1917
838
1205
796
1730
1127
1910
1324
691
1155
1300
1598
1552
354
1647
1680
1205
559
1139
1413
1548
1686
1870
482
1371
1113
1402
1602
389
366
1363
557
1949
1113
1671
1963
1663
1936
873
351
1849
481
146
1995
1639
1285
1945
1754
1671
283
610
1902
1939
1866
7
1883
1647
1520
1255
1614
1825
1250
1511
1506
1813
1719
1549
1778
1018
2009
1466
1621
949
1986
430
1521
849
1921
1260
786
1974
1899
1579
636
1980
1876
192
381
547
714
145
1000
1814
1861
1142
2052
1737
1609
553
1867
158
184
242
1086
1423
1720
1504
346
1137
0
1876
425
1369
251
0
1541
1927
1650
1512
1851
1520
1963
881
1002
1309
257
1485
183
2118
2042
2028
1617
360
1295
1994
1774
1891
230
1271
1987
2021
1244
1889
971
536
3
2039
841
1967
1326
1343
642
1482
1064
1091
1299
1287
1628
1360
1931
1161
1098
214
944
1298
827
177
434
295
1978
2032
1674
151
801
1636
2055
1858
860
1505
1720
1130
228
1893
1463
1774
1775
1044
579
1308
927
1962
1298
90
1272
676
1033
352
442
1872
585
185
1418
2011
19
1317
694
2107
959
44
1222
571
2060
1681
414
885
1644
1135
910
24
838
1898
1581
724
599
974
1777
530
1360
231
416
1739
1815
2085
699
10
750
1601
9
1516
290
930
103
1750
1723
1846
254
82
1755
1678
1028
693
1899
783
1282
671
614
137
1930
1900
446
94
482
2070
1949
287
1836
1654
1843
912
29
1258
1447
1744
700
618
1203
775
1520
54
387
1647
556
249
1983
1087
249
1751
2010
1786
12
1713
1753
663
2112
1728
1982
1615
1919
1713
239
798
1733
1669
2020
1784
164
795
1643
222
1947
211
1189
168
1019
1840
1691
1165
1614
1241
1890
2015
1831
1247
471
63
284
125
865
1478
1427
1869
2005
1701
1654
357
1552
61
877
1628
743
289
1798
1693
1574
106
2076
1568
1405
0
1048
583
1223
1694
1434
1487
1555
1149
920
2046
1695
748
473
1434
1777
586
77
1761
1398
857
474
574
1974
1815
1372
925
1209
1572
1428
1568
1970
1419
1803
874
2081
1590
426
1843
764
2012
1366
1069
2000
1535
550
275
1130
1454
1819
703
1786
1729
601
1165
1005
1707
1505
674
1801
1980
1676
1935
1481
1893
1385
1030
526
1869
1750
1709
1467
2048
1761
390
855
1462
1781
1998
520
1623
1874
1990
790
2008
1636
345
88
1602
1933
1759
1786
480
1070
390
1538
1251
1370
1980
416
1674
1484
1824
1876
1657
1741
391
1815
1502
87
1916
1254
418
927
1828
1830
1736
188
1767
549
1888
1191
766
580
1682
1867
606
1370
751
565
857
2010
63
358
746
2107
599
1598
1366
1610
2006
666
1833
1757
716
1315
920
1564
316
1995
39
1686
1157
223
1436
865
294
126
1852
93
575
1945
1836
1699
1872
1882
318
957
1013
921
1385
585
893
800
1190
1632
1540
1963
1739
873
1533
1496
1651
1913
2099
1751
1590
522
1870
818
1093
1862
701
2050
1849
1428
951
674
78
1104
1834
1296
743
243
1842
2002
1969
1443
1653
998
1779
2053
1328
2046
1948
567
1549
157
1259
1659
975
1900
1713
645
870
995
1165
304
561
606
1922
959
1623
1759
760
454
1949
1254
1689
0
1257
1793
1332
1821
120
362
90
1687
1613
2010
1980
1418
975
1770
1426
1414
1865
1700
2014
996
1978
835
1608
787
829
1188
1012
1259
1642
107
1644
1557
1932
371
1730
1
1700
565
1964
460
710
1245
2072
585
1159
2061
801
1655
690
618
2037
1684
1017
570
2140
814
962
749
1934
871
1989
1420
1854
1805
721
916
1654
655
785
1842
1373
1241
1353
1494
552
574
974
1776
580
1433
1893
520
1751
1992
1127
1243
368
1701
2091
286
1641
1780
141
56
1870
1840
42
316
1615
1340
1852
1460
1777
2016
1654
2050
503
1819
1436