537
1215
327
1101
2059
932
1611
491
1212
1308
1164
2192
1680
2059
2252
2339
1016
1228
2155
2225
1824
1184
236
1875
418
791
707
2144
1086
2195
2331
2335
2212
519
2334
2097
1937
958
619
2087
2145
2057
2350
1749
719
766
1970
829
2286
662
1408
2228
1052
642
1306
602
2446
1866
1900
814
1050
2163
1048
2040
2046
1542
1132
1227
1563
2383
600
1134
2405
2474
903
1596
1627
561
2326
779
638
1899
785
2406
1510
1273
1172
1241
2127
534
808
1491
1808
2343
706
1219
1361
1668
362
802
1689
229
2007
2195
789
848
2239
962
1967
1991
1109
1512
1349
2258
1142
2183
1221
2184
1848
1822
519
2091
753
2325
1153
2204
1007
2195
605
593
1349
703
491
580
2309
840
455
729
1375
340
2215
1585
672
2190
2147
1605
2408
1676
771
1793
2090
506
2217
520
1426
1652
499
1855
2410
1172
1379
2236
816
2259
2045
702
1029
1727
2442
877
1617
736
968
1613
677
2142
1876
370
1444
1879
1922
2306
2238
1787
489
2043
2158
1786
2261
1700
1239
1518
511
381
2191
1506
2163
1567
2363
1498
809
1983
1252
759
521
1094
682
760
940
2015
1665
696
1912
1469
1735
1669
474
888
1420
1245
2211
1737
792
1995
1931
2293
1902
2123
1311
914
2346
1075
1165
1689
2100
1032
1183
1832
505
989
2350
697
1801
858
1399
1437
2270
1258
1616
493
555
1811
1905
2147
1339
1359
2330
327
1112
1702
629
715
690
1701
1853
2386
518
2145
1730
749
2219
601
2119
2437
1782
1958
606
2221
1126
595
991
2002
563
508
459
2357
891
960
1367
1008
751
1047
1237
2158
1217
2030
1834
396
2101
1465
1791
1795
458
1994
1750
1944
1381
1605
651
1387
2061
1776
1343
813
1189
2311
690
1178
1637
2150
2022
1456
976
1324
883
2178
1403
1691
1151
1096
2247
2282
1405
2112
671
1998
986
609
652
581
1879
2232
529
2288
2321
525
783
1543
815
443
1119
2337
2246
872
610
632
2409
346
882
1064
1398
1036
438
1761
1333
870
743
1081
1368
1118
1783
442
1653
353
1978
569
2274
1229
2002
866
1566
2089
217
334
1308
2096
580
760
2243
1864
2125
2215
2401
1878
580
729
1850
435
786
811
2199
704
2281
2315
2331
1654
1133
972
1370
2280
1355
2487
902
2264
971
2428
2334
1305
794
1211
1270
909
1523
496
2088
1860
1746
2331
1309
2315
215
283
340
1315
2357
1651
753
594
1111
2260
1500
683
411
1640
545
1874
2175
2489
375
2104
504
1478
1621
2016
1306
1797
1302
1597
1571
1198
1633
392
1730
1729
2093
1600
1555
2128
2411
2337
2318
475
482
496
2401
2064
1100
486
425
1924
1011
1016
1001
2254
860
1061
941
872
1793
2095
1456
1869
756
2009
2321
1100
2098
1717
2208
2259
426
2298
2293
1150
686
2445
1629
2084
588
1851
2322
1437
2022
389
849
2159
1941
887
1918
1904
2365
2113
493
1206
2176
2157
1816
903
2146
1507
2225
2062
492
622
503
2076
2373
2112
1349
2321
547
2192
1721
2283
972
919
956
2291
2431
502
797
1893
2204
980
1883
1372
2024
2021
2375
862
431
2094
2467
2280
405
607
2417
428
1051
834
1944
2365
1284
1534
1324
2049
2125
795
2032
1002
2329
2301
995
2224
2374
547
1805
2157
737
935
980
2423
976
835
2179
345
827
570
919
695
922
2415
2014
1394
597
400
960
2238
2180
914
2337
854
2363
1387
2482
1846
906
946
1669
1042
1626
692
505
956
1535
2245
2317
2276
2356
1804
1455
1099
640
1230
971
678
2287
637
2358
1973
978
2009
2122
544
1017
1486
2352
319
826
1464
2461
1883
2182
1403
1178
1397
1518
603
1822
1775
434
823
2078
2172
1046
635
2247
2443
998
1817
1998
2236
2026
509
609
1411
1967
1678
1265
1109
738
1125
1473
880
1958
293
248
2160
483
2139
512
1307
1775
390
1140
2260
2300
1451
1305
692
1960
924
623
2252
1786
1817
752
1133
2090
381
993
955
812
1474
849
1542
1898
1984
923
820
602
1195
562
753
2214
1945
1329
1140
967
2154
1373
619
465
2096
422
558
2225
2325
573
1150
1162
715
2229
1997
2283
1380
1260
1187
406
2268
1287
1376
823
673
1144
494
2321
796
414
2361
412
1474
2256
1337
888
590
837
2369
927
2183
1083
1783
2120
2116
542
844
2166
1330
2053
2267
1597
545
2366
2321
2011
1110
2234
1231
1610
957
430
1754
687
563
2041
1552
1944
564
2245
387
2393
362
1760
2128
697
1956
2301
2204
877
2329
2157
458
455
1000
548
442
2300
1904
1843
1480
1467
2218
1782
1817
1813
610
853
778
890
1917
778
1408
274
753
240
823
1023
2099
1020
1985
1738
847
2017
554
734
760
1749
2176
2392
1756
453
1533
1979
2309
756
310
731
933
840
1871
568
343
1408
523
526
2206
1109
2380
1453
1145
1992
504
523
2043
1906
1870
1807
2275
2069
2207
435
1865
598
595
1988
2308
564
1059
853
2478
1746
1093
1421
771
2341
2354
2381
1230
1364
512
530
1341
1976
742
1721
1419
529
729
734
1864
774
2043
950
1945
2119
1618
1913
1646
982
2345
1185
1298
429
2226
1143
2494
619
2105
764
2253
2068
1547
399
2142
1951
449
2039
1049
1949
2119
681
1321
1933
2240
238
2084
1897
1962
525
2035
571
1673
851
1002
2192
1673
1342
2122
1961
392
1473
1615
1617
1391
2162
2142
1695
1130
2140
1372
611
2054
818
424
1869
1614
2229
789
246
2339
876
1270
2372
2212
737
680
2453
2318
1041
1460
1359
1246
829
468
1245
965
2192
591
1644