40
5
13
1
145
21
17
0
44
3
142
8
7
148
17
8
78
0
99
156
44
52
29
67
0
88
34
39
32
112
87
12
130
49
20
11
0
85
11
32
84
31
16
118
251
113
39
3
53
37
0
47
0
28
34
4
14
30
55
38
74
8
44
80
0
10
7
47
5
15
53
2
0
0
6
5
249
0
20
19
16
3
166
27
12
0
21
46
196
84
2
13
107
45
11
57
166
67
0
0
1
6
33
150
2
105
178
0
41
21
144
159
8
0
133
34
18
31
119
20
23
14
0
38
0
7
122
39
62
0
19
0
43
18
3
22
0
147
73
0
173
0
3
87
51
21
64
7
21
100
40
3
284
0
0
208
0
3
6
15
0
255
1
59
33
0
47
39
0
0
0
125
193
45
0
28
208
24
12
35
385
268
80
396
4
130
24
20
182
287
67
4
4
6
1
113
39
21
80
4
0
25
4
56
8
90
9
32
1
36
153
2
18
168
32
99
1
117
2
1
22
3
4
157
87
0
120
31
9
93
10
56
0
0
10
190
165
0
0
0
42
80
8
40
3
25
122
54
257
28
0
13
34
54
43
13
4
45
55
2
59
1
0
57
1
99
47
9
41
15
86
95
117
29
179
283
9
79
157
75
0
0
33
2
34
35
91
0
38
0
172
8
163
121
452
82
41
0
0
33
85
57
0
132
55
8
272
3
21
123
94
147
6
70
23
109
102
64
1
0
443
202
86
4
0
63
0
34
14
116
33
100
7
29
59
105
134
115
48
202
5
3
1
130
46
4
5
7
9
46
3
120
203
0
0
0
2
0
0
24
1
112
4
185
16
25
11
16
7
245
47
0
215
5
82
2
104
91
14
267
23
15
0
0
38
64
0
5
68
1
82
271
68
97
173
2
190
18
6
0
99
3
52
12
93
122
0
94
14
14
87
0
117
15
139
125
0
33
223
16
67
207
310
13
236
4
187
5
153
38
1
0
0
123
145
102
40
0
222
30
24
12
11
54
7
55
47
0
46
211
3
9
209
3
4
94
29
0
94
1
13
0
3
0
126
19
9
84
69
145
87
1
105
0
38
159
18
0
13
160
24
6
0
32
13
131
0
2
182
114
2
45
30
522
27
11
58
7
88
1
32
221
0
6
51
8
175
93
61
39
14
5
11
0
64
31
70
120
127
103
0
207
49
0
191
343
12
58
107
126
145
12
4
38
0
144
0
193
2
11
8
51
16
37
60
45
5
88
30
7
41
110
223
20
43
78
54
46
4
41
18
35
36
251
46
16
150
59
4
158
124
14
110
35
53
52
16
2
103
0
30
30
0
23
60
55
110
0
0
190
1
2
124
0
162
11
210
12
52
0
21
109
0
126
31
2
48
95
165
13
20
142
89
4
107
0
35
169
59
132
0
66
45
18
17
2
9
5
49
0
122
69
0
310
36
30
92
0
25
0
30
30
189
29
13
145
14
0
0
0
0
153
184
87
4
49
279
0
207
8
5
0
120
4
8
0
151
3
2
210
58
36
65
1
0
10
159
25
5
140
44
432
35
17
73
38
12
35
7
170
0
0
220
2
162
181
14
13
21
0
20
63
46
151
0
9
65
3
24
0
346
7
1
18
92
19
121
56
0
18
15
144
2
4
101
21
280
28
431
16
0
68
0
131
0
69
23
46
6
489
198
1
0
283
59
138
8
109
11
6
46
0
14
9
57
0
129
2
1
3
47
2
80
7
8
0
55
25
12
84
7
179
178
5
0
5
104
47
33
109
10
46
24
140
167
440
179
17
81
12
1
7
0
25
125
24
183
93
13
9
0
14
0
132
11
43
44
47
47
8
1
1
0
41
0
5
60
62
62
7
2
35
0
26
86
58
3
10
29
148
2
139
2
14
59
3
1
21
68
83
111
130
43
61
1
1
0
162
0
80
5
64
13
48
5
5
170
38
0
53
2
3
12
64
12
55
28
64
45
20
255
2
6
123
18
184
227
44
16
45
0
0
63
28
14
134
17
0
80
0
230
33
8
0
30
100
7
53
95
36
88
35
169
35
41
63
27
19
19
50
228
0
182
71
211
9
12
142
123
21
2
1
1
6
10
0
10
11
150
3
47
4
2
38
252
1
74
7
0
9
128
35
20
176
20
49
282
16
24
99
20
74
0
27
284
2
21
145
22
36
0
5
176
139
104
87
0
218
1
52
92
0
81
6
38
25
29
19
20
102
24
1
64
31
65
47
11
89
0
16
476
155
79
37
60
226
42
0
38