1418
1124
1408
1261
394
1177
871
1583
1007
1084
1255
105
690
494
219
100
1424
1195
304
295
667
1284
1496
499
1717
1350
1576
303
1087
287
154
95
268
1513
58
282
518
1237
1273
313
307
241
51
761
1720
1194
453
1468
166
1608
1062
156
1230
1313
1173
1513
20
591
557
1044
1029
243
1439
429
318
478
1179
1110
845
50
1548
1262
0
0
1231
858
910
1435
139
1437
1483
588
1499
17
833
1197
1128
977
468
1424
1474
815
730
94
1421
1208
1154
783
1727
1532
760
1888
423
379
1475
1508
171
1376
464
502
1126
1008
1085
189
1025
245
1027
68
661
580
1582
260
1508
57
1230
127
1108
152
1656
1617
1000
1317
1496
1535
37
1216
1707
1581
1066
1485
243
880
1565
309
356
852
94
771
1341
725
139
1622
491
1517
1038
902
1533
553
5
1179
1023
441
1363
38
3
1703
1264
729
0
1276
855
1376
1562
716
1546
182
606
1722
975
609
920
393
252
929
1801
559
257
638
321
989
1097
979
1525
1651
260
966
284
912
151
818
1356
450
1216
1211
1489
938
1284
1432
1315
453
884
1498
509
853
504
796
1624
1254
913
1172
105
678
1365
473
444
0
587
221
1052
1473
13
1135
995
707
199
1327
1227
597
1546
1352
40
1526
678
1151
868
841
278
935
1025
1489
1333
667
620
231
1104
1046
42
1540
1268
761
1541
1325
1615
804
645
157
1438
258
764
1395
209
1334
405
25
751
721
1285
244
1307
1510
1253
455
1433
1501
1771
19
1234
1259
1098
1211
1782
940
1174
342
1353
494
602
1299
213
1047
716
635
1581
544
698
410
1266
787
1491
957
339
799
930
1165
1193
195
1249
1233
854
306
802
1024
1133
1133
1449
273
955
767
925
1278
189
203
932
282
1486
555
1302
1606
1274
1519
554
132
1319
249
72
1510
1198
917
1524
1418
1159
171
361
1513
1510
1443
0
1471
1183
1132
892
1326
1494
768
1055
997
1398
1212
1108
1306
643
1640
959
1143
547
1627
199
1119
411
1495
915
361
1530
1382
1128
346
1638
1469
67
207
273
432
66
648
1410
1570
696
1744
1315
1169
319
1359
66
72
141
684
951
1388
1004
107
791
0
1501
202
1082
128
0
1083
1535
1217
1108
1398
1137
1614
537
607
826
80
1063
68
1932
1657
1663
1231
213
907
1602
1363
1444
89
857
1511
1632
816
1602
591
269
0
1739
523
1591
999
853
359
1138
615
740
877
889
1247
804
1529
693
715
132
578
892
430
70
219
165
1595
1639
1359
31
494
1253
1712
1459
543
1024
1195
747
107
1542
1095
1307
1392
720
317
891
599
1533
907
34
833
408
741
198
173
1428
350
40
1038
1535
8
896
430
1773
635
11
848
295
1747
1233
200
554
1289
665
526
3
518
1503
1213
462
403
616
1137
259
867
122
188
1298
1328
1729
420
2
446
1110
2
1127
181
585
38
1336
1284
1470
130
29
1450
1301
670
455
1468
464
904
405
370
34
1499
1438
220
32
273
1790
1600
141
1510
1307
1368
575
9
846
943
1150
403
297
858
454
1112
21
168
1171
206
111
1628
730
81
1363
1632
1235
2
1376
1283
369
1803
1402
1642
1202
1498
1196
104
430
1191
1230
1606
1389
74
462
1142
90
1524
89
802
108
607
1292
1275
775
1233
770
1529
1710
1234
888
200
14
138
34
512
1077
1016
1474
1498
1200
1290
186
1236
24
520
1266
435
153
1317
1313
1051
25
1712
1113
868
0
706
355
874
1237
1043
1084
1161
784
519
1641
1365
459
252
1089
1381
335
10
1207
829
502
235
309
1607
1347
966
623
784
1077
1022
1149
1555
981
1315
543
1796
1062
214
1437
427
1657
993
731
1636
1109
313
103
835
1117
1375
419
1373
1272
358
664
665
1345
1108
348
1335
1588
1285
1424
1022
1434
896
689
365
1473
1324
1261
1099
1661
1276
217
545
1097
1251
1609
253
951
1502
1656
500
1711
1240
161
37
1175
1562
1408
1352
257
701
187
1102
789
976
1601
143
1168
1021
1442
1404
1265
1375
211
1329
1129
24
1566
972
224
588
1387
1427
1184
63
1301
316
1328
720
424
295
1380
1329
312
1015
396
295
513
1593
17
245
431
1594
342
1121
857
1256
1711
315
1345
1375
444
904
592
1227
150
1661
1
1239
710
77
995
487
118
42
1374
26
293
1567
1433
1266
1555
1454
163
631
595
590
947
237
600
510
704
1295
1100
1510
1436
533
1021
1070
1271
1408
1722
1400
1165
266
1329
478
687
1511
411
1692
1409
1027
616
406
13
754
1454
971
382
101
1504
1550
1566
1018
1217
565
1469
1764
973
1663
1590
304
1288
55
925
1220
653
1555
1376
438
517
693
692
157
316
321
1577
563
1155
1422
484
236
1493
859
1307
0
816
1362
873
1441
57
185
23
1278
1158
1716
1543
1033
578
1427
793
932
1466
1245
1626
634
1606
445
1178
444
548
841
558
837
1170
51
1277
1084
1465
139
1146
0
1219
290
1626
190
449
905
1760
332
753
1781
438
1306
401
283
1719
1179
510
331
1955
405
680
473
1605
530
1516
872
1413
1253
415
582
1118
385
446
1499
1005
857
958
1002
320
249
655
1287
270
1000
1584
205
1355
1609
550
790
177
1317
1760
147
1282
1171
65
19
1464
1521
11
162
1191
882
1365
1072
1417
1646
1187
1612
250
1410
863