984
1866
865
1611
1475
1010
1626
849
1558
1390
1517
1633
1512
2109
2424
2563
1492
1316
1999
1476
1297
1318
1146
1857
902
1017
763
1675
1714
1728
1953
1825
1891
2326
1928
1279
1001
1593
802
1620
1114
1016
2504
1562
658
1181
1771
946
1846
623
1172
1710
1817
801
1127
1558
3109
1251
1650
2046
1384
1821
1488
1429
1798
1379
1567
843
1665
2651
1706
1649
3334
4624
753
1666
1215
775
2852
1355
1065
1361
1001
4658
1078
1409
1711
1424
1909
1049
1536
1954
1267
1506
1004
1937
2083
1196
826
1677
1090
953
1571
2005
1498
1089
3095
2306
1709
1949
1786
1569
1665
1961
1734
1773
1577
1015
1557
999
1146
1070
1941
1490
1043
1172
1373
1639
594
845
1437
800
1469
1276
2347
1748
738
967
1592
983
1340
1121
1310
1390
2167
945
2618
1271
1147
1646
1384
1074
1920
1498
1294
2072
1109
1683
1814
1234
1024
1421
859
4683
1522
868
986
1700
4454
1318
1105
1187
490
1033
1692
1555
1346
1008
1641
1464
2739
2366
2114
2099
1721
1698
1590
1891
2298
1495
1310
1749
1214
1231
1761
1300
1973
1725
1754
1739
614
1693
1498
1214
1415
1086
1803
1568
1824
1069
1476
1126
1040
1757
1672
1226
667
947
1070
1724
1184
1266
1558
639
1620
2153
1817
2213
1522
1269
1620
2167
1794
1166
1558
1750
1244
1937
744
1994
2413
703
1721
1251
1892
1588
1547
1226
1203
1162
886
1146
1545
1694
1191
1127
1866
1190
1004
1388
885
1356
854
2210
1685
2440
892
1194
1192
1564
1767
1027
1876
4449
918
1323
607
1644
1444
1358
1324
1556
925
1255
890
4629
1506
1382
1236
1661
971
1302
1106
1280
1305
2553
1392
1134
1971
1435
1985
2242
1315
2250
1250
1909
1237
1442
1211
1086
1212
1391
1258
1314
1431
1963
1026
1490
1412
2186
1928
970
1399
1845
1461
1548
1727
1417
878
922
1460
2249
1299
1605
1414
2163
1539
671
1739
786
1367
1932
1181
1907
1888
1725
972
1795
1584
673
2335
2299
1520
1272
552
1168
3431
1110
1979
1067
1547
2317
1368
1564
1223
1179
1041
1945
1691
1531
1845
933
1160
733
1662
1289
2105
1208
1412
2040
1537
1614
1432
901
1873
956
548
1077
1367
1869
931
2003
3118
2003
1329
1277
1778
871
839
1529
1748
1186
1649
2461
2417
1374
1970
1392
1458
1495
827
4677
1230
1238
1318
4557
1394
1741
1730
1414
1685
1385
1658
542
1295
1788
2457
1390
1523
1700
997
987
1179
779
2531
1546
1070
1559
1210
1280
1252
1708
1046
1316
1025
1185
2115
4612
1113
1509
775
1663
2057
1673
1364
1294
1492
1329
1025
1333
1580
1083
1633
1431
1246
1235
858
2357
2775
2428
2364
1194
981
850
4481
1273
1212
1366
781
1343
1662
1283
964
1660
1629
1256
1281
1491
1291
868
2697
1732
897
1603
4537
2076
2080
1956
2015
2432
857
1944
1781
1381
1132
4586
1421
2365
1273
2067
1918
900
1339
945
817
1435
1665
1180
1554
1711
2041
1681
1177
1684
1472
2021
1112
1860
1169
1320
2083
1485
1047
1759
1683
1797
1859
1954
1654
1429
839
1598
1526
1470
1385
1219
1254
1624
4578
1614
1110
2513
1809
1506
1655
1315
2023
1554
2265
1832
1026
1230
4406
2088
967
887
2086
1046
1056
2106
1420
4419
1184
1737
2074
1299
2485
1439
1535
1115
2059
2026
1608
1818
2463
1156
1829
1852
763
1717
1346
2691
1645
2410
1793
1324
1055
952
1622
1084
1497
3804
1523
1359
1517
651
1470
1641
1675
1924
2077
1368
1820
1441
4669
1677
2151
1166
1743
1073
1178
893
1013
1507
1491
1750
2156
1435
2764
1839
936
959
1031
1977
1256
1008
1719
942
1400
1513
1343
1463
1920
1069
796
1952
1133
1474
1323
1588
4366
1836
1916
1019
757
1450
1361
1021
2356
1109
705
1471
1871
1580
1263
739
1892
2577
1368
1863
1879
1240
1400
1136
1190
1295
2062
1131
1689
1430
1474
1201
1930
1627
1760
1393
1160
1170
1137
2004
1459
1702
1501
1430
1162
1859
1713
1769
1380
1133
1060
1102
849
1800
1428
1767
861
1516
1608
1259
1741
1798
1909
1125
1001
1352
1761
1180
1306
1468
1139
1647
1262
1351
2105
1520
1056
1489
2020
1531
2157
744
1003
1271
1138
1171
1233
2349
1234
1143
1442
1054
1599
1804
1709
1714
947
1653
1150
1924
1197
1130
801
1018
670
891
2125
643
1441
2096
785
1458
2375
1646
1194
1419
1154
2051
1021
2001
1945
1843
1566
1398
1364
1716
2033
2176
1538
1903
1390
1327
1392
2101
1690
1252
1616
1338
1759
979
609
919
1093
1067
1366
1153
1532
1363
1578
1373
2719
961
1483
1793
1239
1656
1687
1705
1025
2237
1219
753
642
1730
726
1119
1740
1011
1658
1625
865
1903
1478
1776
1161
605
1316
964
1207
1177
1537
1425
782
1286
992
1024
1353
2267
872
2098
706
1669
1618
1018
1650
877
2280
1759
2600
1619
486
1415
1967
1338
1923
873
1551
1084
765
2104
1070
1136
1258
1515
743
1753
1641
2696
1691
2600
2328
720
961
1704
1333
1862
1267
1333
1351
1815
1403
1882
1326
826
1869
1750
1479
1993
913
4580
873
1330
1441
987
2253
2534
1880
1900
1276
972
717
1555
1470
1690
1809
1832
1082
1913
1147
1421
1333
2183
1764
1403
1666
1983
1267
1319
1018
1883
1258
1884
1393
2071
1672
4786
1164
1412
1173
2193
1838
1392
358
1758
1416
1365
1560
1393
1277
1582
1308
2374
1715
1604
990
2282
1751
1666
1084
1806
1456
1305
1643
1531
2375
1798
1662
1529
915
1158
1430
1366
1684
828
1577
1609
1646
1699
2428
969
1039
1575
1194
1279
1478
1722
1871
1003
732
2304
1021
1305
2023
1501
842
1182
2681
1662
1137
1977
1939
1796
1395
1034
1023
1738
2507
1849
1670