19
300
93
57
165
76
151
0
393
218
389
344
102
865
0
890
308
80
90
98
161
465
20
127
3
208
19
295
321
389
97
184
151
85
24
67
87
227
103
38
104
293
0
381
279
106
423
95
74
46
137
172
1
27
221
93
15
180
23
295
31
584
264
74
0
43
143
53
381
0
32
123
46
37
10
2
343
42
16
32
204
77
338
1
49
20
15
20
341
112
32
9
219
265
252
480
649
155
111
0
26
210
127
510
45
189
236
0
59
558
276
146
309
46
291
5
99
74
6
152
0
0
3
180
16
0
206
374
169
225
120
14
142
260
0
222
31
34
417
6
16
121
231
56
126
80
225
221
40
276
186
110
295
0
0
573
37
214
336
130
4
9
25
456
16
42
16
92
53
11
1
138
84
56
63
60
33
288
440
59
700
185
138
525
514
345
272
45
642
363
80
93
9
361
227
171
219
348
129
24
0
419
117
104
264
123
58
679
24
109
488
6
2
49
56
146
96
89
35
45
231
30
259
8
397
0
518
50
118
105
107
649
1
1
132
463
318
30
78
25
238
19
328
247
170
71
10
274
104
17
105
48
9
317
322
118
1
166
131
116
286
208
0
652
161
245
143
8
116
28
436
106
45
22
102
411
19
36
169
403
0
281
118
63
203
13
52
0
188
1
135
209
337
80
486
19
247
62
1
318
592
283
137
616
327
108
394
18
315
84
73
207
215
8
96
188
39
362
241
366
798
291
208
156
216
73
4
188
18
216
42
417
76
33
250
612
452
19
303
48
177
66
27
119
277
84
7
384
10
58
93
373
262
20
16
5
350
306
4
106
397
484
361
236
142
4
7
147
434
334
418
33
81
0
367
303
7
190
99
722
168
10
6
112
825
23
39
12
490
1
23
489
211
187
370
298
168
50
42
0
104
78
230
129
34
263
24
418
204
29
57
184
365
48
294
75
56
221
701
105
249
318
298
11
139
11
689
39
524
69
163
61
0
126
233
313
52
0
101
63
256
2
70
45
380
133
430
81
362
395
4
182
124
5
91
139
134
30
114
181
336
19
18
0
358
67
91
2
126
447
604
326
222
1
45
136
103
263
36
192
145
162
0
59
678
72
146
477
369
34
2
101
116
437
178
106
554
477
462
12
143
185
38
30
197
235
202
822
180
593
28
58
0
0
114
33
354
332
404
253
5
192
36
153
178
857
94
122
132
163
109
1
94
427
126
408
14
668
212
84
109
120
273
100
140
432
107
51
125
104
235
980
257
327
76
9
850
227
12
110
297
57
67
375
166
153
398
250
50
721
72
25
214
14
34
60
223
22
356
68
252
188
18
47
99
307
370
265
0
194
60
0
654
6
482
79
127
53
302
0
189
44
40
206
326
29
179
186
197
34
55
416
62
5
75
11
6
64
337
267
28
111
318
310
136
14
12
105
325
1
226
122
17
810
292
207
34
218
61
49
275
74
529
202
77
249
5
57
0
125
1
730
495
98
22
420
300
0
881
18
24
7
285
11
177
0
47
30
361
7
256
65
271
0
225
414
692
19
2
182
92
498
61
184
293
548
6
314
19
309
1
19
126
174
372
376
135
127
133
98
91
145
4
125
63
280
115
92
177
21
586
32
71
316
209
101
313
87
195
87
80
430
247
28
269
202
28
71
761
141
10
97
11
39
0
146
6
325
5
356
100
156
209
468
41
184
84
368
25
24
9
0
72
74
62
159
525
112
1
6
4
25
739
3
217
10
86
8
70
381
39
170
261
31
28
10
625
7
224
185
182
376
56
240
139
13
113
156
319
186
187
64
0
99
288
162
552
373
67
291
0
88
30
567
4
75
248
109
61
5
20
82
12
379
56
108
168
96
501
153
13
264
128
69
69
38
0
279
67
27
7
492
6
68
150
85
0
166
62
170
46
522
54
301
158
44
1
506
0
483
11
508
143
30
708
97
476
190
22
368
58
561
37
459
51
304
586
226
365
26
437
46
60
149
57
574
235
25
257
4
77
30
138
25
86
330
76
563
114
11
146
106
108
33
175
265
19
71
189
130
107
85
264
107
85
36
138
186
393
93
415
39
711
44
255
547
98
51
218
29
245
49
3
27
49
4
5
197
391
141
385
252
5
196
112
535
453
306
352
211
446
512
11
540
223
298
664
422
113
193
392
165
0
250
891
311
263
349
59
393
25
119
729
43
70
54
5
342
368
130
169
26
329
207
33
81
234
88
147
590
302
104
344
287
181
225
130
467
1
83
705
365
208
254
317
471
254
0
101