2081
2171
2171
2134
1981
2172
2119
2154
2172
2163
2162
2110
2099
2165
1430
2158
2173
2174
1606
1566
2173
2181
2163
1814
2170
2173
2110
2070
2086
2036
1561
1838
1765
1951
1455
1871
2120
2057
2178
1994
2151
2174
1231
2142
2181
2054
2087
2180
1722
2181
2165
1975
1878
2150
2180
2173
790
2150
2084
2062
2092
2178
2166
2072
1568
2121
2144
2173
2135
981
2084
2160
29
46
2176
2163
2122
2163
1441
2145
2172
2165
2170
1
2176
2178
2000
2063
2059
2177
2159
1614
2122
2083
2171
2177
2128
2150
2177
2052
2156
2181
1988
2124
2167
2024
129
1518
1582
2091
2123
2104
2173
2063
2157
1946
2007
2112
1714
2157
2121
2151
2094
1759
2111
1941
1983
2122
2178
2179
2156
2178
2170
2164
1343
2116
2179
2159
2174
2124
1445
2179
2180
2046
1954
2171
1524
2169
2142
2120
2074
2176
1961
2039
2169
2158
2105
2095
235
2052
2156
1595
2150
464
0
2180
2147
2082
58
2160
2179
2121
2179
2020
2089
2089
1951
2181
2177
2048
2050
1408
1752
2160
2176
2174
2073
1872
2064
2116
2069
2081
2169
2180
2147
2147
2062
2149
1870
2067
2011
2173
2175
2150
2147
2040
2061
2179
2115
2166
2108
2181
2172
1861
2072
2111
2180
2152
2140
2162
2168
2102
2175
2106
2151
1338
2138
1860
2167
2170
2102
2169
2039
2125
1719
2172
2166
1977
2181
2165
236
2170
2173
2143
1986
2008
1591
2175
2155
2158
2161
2166
2030
2030
2181
2171
1138
2170
2160
2176
2156
2171
2180
2177
2171
1517
2162
1804
2162
2178
2155
2139
1893
23
2151
2146
2109
1633
2104
2181
2072
2174
2174
2177
2181
15
2101
2099
2143
2159
2179
2092
2140
1990
2172
1614
2144
2080
1671
2164
2109
2077
2176
2118
2169
2020
2132
2081
2178
1822
2007
2104
2117
1951
2125
1777
2081
2172
2172
2144
2159
2143
2154
2160
2174
1891
2009
2053
2110
2150
2120
1844
2121
1866
2167
2156
2167
2176
2090
2158
2013
2027
2151
1699
2021
2171
2155
2174
2016
2168
1703
2023
2130
2179
2169
2166
428
2181
1853
2176
2180
2016
2172
2023
2150
2138
2175
2048
2171
2177
2121
2168
2129
2093
2120
2181
1361
2177
2158
2170
2156
1600
2095
2142
2177
2116
2172
2122
198
1507
1960
1913
409
2060
2163
2171
1875
2181
2176
2133
1854
2092
1934
1544
1072
2128
1851
2179
1932
2026
2114
193
2181
2121
2177
74
146
2134
2175
2176
2162
2178
2119
2176
2095
2147
2170
1974
2156
1905
2181
2181
1950
2165
1453
2152
2162
2067
2170
1991
2167
2136
2181
2040
2180
2132
2115
85
2180
2122
2178
2155
1624
2076
2161
2116
1784
2167
2152
2172
2179
2013
2086
2126
282
2060
2171
1887
146
1809
2011
2172
2174
2134
186
2061
2160
2178
2167
2155
2161
2162
1634
1950
2181
2150
2177
2179
2113
1809
1537
2068
2172
2149
246
1966
2068
2176
2124
1215
2174
1998
1875
1988
2179
260
2146
2129
2179
2180
30
2177
1954
2144
2159
1862
2152
2148
2159
2104
1529
2050
1975
2173
1767
829
2156
2095
2156
2155
145
1452
2170
2180
2168
2009
1715
2149
2180
259
2151
2026
2156
39
2111
2145
2130
1240
153
1696
2172
2176
2054
2136
1951
2065
2165
1840
1827
2012
2181
2080
65
341
2175
2177
435
2178
2138
2155
2122
54
2168
2110
1966
2071
1704
2031
2113
2179
133
1952
2094
1853
1250
2179
2118
1880
2174
2152
2128
1070
2164
1900
2105
2177
2141
2153
2102
2061
2175
64
2061
2180
2169
2168
2153
153
1873
1508
1697
2179
139
2128
73
2011
1926
2155
2179
2144
2154
2141
2176
2175
2086
2020
1473
2073
438
1853
2167
2132
2173
2173
2171
2172
1784
2172
262
2163
2163
2065
386
2151
2175
2131
1826
2045
2156
2143
0
2098
2106
2091
2180
2176
2155
2103
2175
2022
2181
2153
2015
1973
2147
2144
1741
1281
2181
1458
2021
2123
2122
2150
2163
2167
2081
2062
2004
2146
1815
2160
2106
2146
2043
2181
1978
2122
2070
2103
2169
2155
2038
2179
2131
1922
2066
2083
2166
2177
2180
2100
2062
2052
2166
2169
2131
2171
2149
2060
2178
1888
2174
2180
2179
2052
2111
2138
2181
2139
2163
2160
2181
2129
1931
2151
2054
2122
2178
1926
1965
2167
2159
2069
2125
2138
2075
397
1941
2174
2151
2179
2136
2124
1590
2020
2124
2099
2162
1827
2175
2109
2167
2176
2167
2181
2158
2180
1955
1697
2053
2073
2060
1998
2177
2060
2171
1563
2134
2133
1880
2153
2099
2070
2125
2142
2115
1755
2166
2043
2102
2178
480
1878
2072
2096
1652
2152
2120
2174
2181
2050
2076
2144
2159
2162
2153
2148
1666
2178
527
2136
2161
78
2020
2063
2064
331
2176
1533
2164
2171
2176
2140
2181
2171
1935
2131
2137
2137
2174
2142
2031
1774
2029
2167
2151
2177
2149
1621
2026
2178
2180
2126
2181
2180
2147
1742
2169
1719
2170
2170
2043
2180
2177
2169
1730
2119
956
2162
2171
2173
1937
1885
2179
2180
2166
2137
2177
2017
2177
2181
2157
2174
2180
2032
2168
302
2075
1593
1850
2174
2123
2042
1916
2160
2109
1872
2154
1542
2145
2119
2048
2128
2101
1982
2168
2173
2177
9
2085
2131
2149
2179
1535
1665
1885
1766
2138
2172
2176
2150
1982
2033
2118
1936
2159
2104
2181
1947
2168
2089
2177
2083
2028
2161
2146
2097
2158
1768
2179
1644
2166
1870
2175
4
2112
2153
2181
2031
2101
2181
2173
1996
2103
2180
2165
2181
2175
2080
2177
2075
1691
2121
2179
2043
2095
2166
2172
1923
2155
2169
1978
2150
2143
2081
2159
2071
2167
2180
2169
2176
2175
2029
1928
1897
2145
2162
2011
2148
2158
2006
2170
2179
2173
2144
2020
2146
2180
1972
2165
2180
468
92
2169
2158
199
2071
2134
2104
2173
2156
2149
2180
2167
2174
1573
2057
2146