146
367
70
232
393
107
220
68
299
184
352
403
259
741
1043
846
251
129
708
430
128
345
104
551
23
190
90
357
406
440
677
604
607
710
764
263
150
424
71
467
115
189
1040
400
154
213
483
63
561
17
108
466
527
102
143
191
1403
217
336
560
281
392
203
362
636
262
252
89
480
1151
321
230
1544
2319
21
179
247
41
1266
202
113
109
263
2316
88
217
506
219
473
90
249
811
311
330
208
337
647
188
89
510
113
131
400
536
235
250
1478
849
607
592
356
294
241
488
424
506
400
127
604
136
216
138
433
450
114
335
326
461
107
128
166
17
178
234
970
362
45
97
318
148
457
87
142
262
570
98
985
181
121
317
347
112
572
358
102
531
170
404
741
284
68
470
64
2309
597
46
136
336
2218
306
60
194
62
195
370
363
285
158
352
318
1011
894
728
502
371
310
365
566
759
360
232
293
142
242
316
223
537
368
495
360
94
306
126
180
248
210
378
519
465
119
479
101
76
561
341
255
52
186
98
177
162
161
232
102
312
846
496
745
165
128
257
572
554
206
574
424
268
559
26
204
978
53
279
249
489
378
520
217
117
115
91
129
350
442
188
134
813
150
148
132
198
138
9
500
208
963
124
315
126
188
445
163
593
2203
107
348
100
583
277
225
278
297
70
110
115
2321
291
260
250
300
65
268
231
283
422
954
248
180
700
354
570
681
167
724
257
434
350
258
191
253
221
300
243
449
265
640
168
319
242
440
697
220
166
292
223
358
504
325
101
176
173
804
213
446
244
518
401
21
410
112
291
483
170
635
453
225
111
338
407
55
831
681
357
82
30
122
1625
170
568
75
277
743
270
350
179
213
107
504
348
231
475
53
210
93
398
165
737
120
207
578
212
536
321
136
581
117
39
142
513
715
173
670
1518
454
420
225
527
19
73
237
515
216
477
844
978
285
631
303
357
353
144
2319
257
194
218
2250
533
265
527
163
246
280
376
31
324
376
675
342
477
499
137
33
316
101
986
328
117
253
154
345
246
429
33
332
209
155
557
2272
186
434
50
232
709
446
127
222
473
166
120
149
255
160
342
196
460
230
65
809
1297
832
815
224
148
86
2300
251
175
179
68
239
262
184
238
439
553
176
119
345
355
219
1110
372
106
371
2211
591
691
396
513
976
135
513
546
323
160
2291
310
806
197
420
802
50
347
129
136
327
377
218
343
484
754
401
256
151
426
906
121
499
208
179
870
464
95
318
319
515
659
682
207
532
136
340
252
566
347
328
177
571
2257
504
161
812
416
219
482
280
659
366
790
466
143
208
2183
875
81
83
901
178
72
626
214
2171
212
318
595
217
901
343
407
66
895
557
383
706
1012
151
496
583
15
332
199
1187
444
760
501
99
191
89
445
188
202
1895
319
136
208
37
219
675
452
619
648
258
716
216
2334
446
743
136
249
255
167
109
259
246
296
429
784
262
1272
614
179
144
55
754
276
149
483
133
557
150
254
288
689
180
52
463
274
328
187
260
2182
645
523
169
32
278
284
201
752
257
16
190
529
428
186
87
596
1088
224
793
439
192
261
174
235
308
687
253
477
247
429
308
342
336
447
409
262
246
208
423
179
267
323
173
300
599
420
361
139
121
82
180
119
390
135
261
144
143
283
251
459
457
264
227
187
262
391
138
106
250
150
359
112
274
599
251
229
299
586
422
693
58
145
236
175
165
216
1042
318
283
198
99
326
505
568
463
140
381
174
642
109
167
47
142
40
106
446
39
412
754
138
273
810
483
166
273
136
759
93
494
702
348
377
232
252
278
677
774
251
512
247
280
502
584
312
382
467
179
404
152
96
168
167
127
259
163
447
273
562
255
1214
109
247
689
262
351
419
664
114
820
103
42
18
317
20
121
437
114
463
253
62
311
286
546
219
34
210
200
166
354
399
356
22
185
78
65
137
783
100
702
36
416
361
189
174
66
887
499
1152
473
23
357
559
337
545
64
416
222
42
612
108
323
160
317
35
536
440
1232
410
1038
754
18
112
427
387
570
280
328
258
625
180
487
240
81
369
428
198
454
151
2264
180
196
212
53
869
869
490
567
229
81
86
313
394
356
355
588
136
517
270
343
336
472
590
297
436
554
211
235
169
582
176
704
183
739
316
2379
123
230
269
539
416
162
13
421
266
352
289
207
285
359
334
688
464
492
137
579
657
403
77
440
351
205
507
253
862
404
319
401
66
264
114
152
583
164
398
492
213
309
720
143
129
413
240
159
181
269
468
106
110
784
238
96
882
572
150
194
1227
467
148
445
641
364
270
161
262
335
902
483
270