1927
2059
2093
1974
1665
2071
2009
2018
2083
2064
2022
1976
1892
2042
1038
2036
2077
2129
1284
1318
2048
2138
2083
1582
2086
2058
1906
1897
1896
1849
1259
1585
1473
1562
1066
1695
1937
1824
2121
1682
2027
2066
769
1967
2151
1787
1946
2117
1464
2155
2091
1650
1471
1996
2108
2005
528
2064
1842
1778
1807
2125
2111
1827
1215
1894
1998
2081
2029
627
1821
2052
4
4
2096
2029
1955
2087
861
1963
2099
2119
2062
0
2096
2123
1727
1796
1882
2090
1981
1174
1880
1940
2086
2100
1910
2037
2136
1618
2070
2173
1666
1901
2060
1802
55
1132
1312
1901
1924
1909
2115
1799
1944
1603
1725
1883
1316
2046
1956
2024
1792
1422
1990
1578
1770
1895
2132
2146
2043
2135
2065
2085
961
1932
2155
2040
2090
1934
1017
2170
2130
1840
1713
2067
1193
2091
1986
1989
1817
2108
1674
1767
2131
2032
1906
1913
99
1856
2107
1204
2034
291
0
2161
1963
1861
22
1916
2152
1948
2132
1708
1903
1768
1661
2155
2101
1778
1661
1145
1434
1950
2092
2043
1868
1570
1778
1958
1885
1890
2057
2130
1990
2026
1785
2062
1626
1821
1763
2087
2146
1958
2014
1806
1765
2123
1760
2025
1907
2136
2063
1418
1777
1942
2137
1943
1999
2082
2065
1931
2124
1910
2049
966
1961
1326
2097
2085
1976
2078
1654
1959
1327
2031
2025
1653
2141
2117
106
2107
2129
1982
1699
1799
1350
2116
2021
2021
2059
2086
1721
1872
2168
2084
796
2060
2050
2107
2002
2124
2176
2109
2077
1200
1991
1571
2080
2029
1952
1938
1535
11
1998
1958
1885
1280
1883
2161
1818
2113
2111
2122
2176
4
1853
1841
2030
1943
2135
1866
2045
1719
2036
1133
2016
1941
1357
2071
1964
1683
2111
1900
2116
1758
1950
1801
2122
1508
1726
1831
1941
1576
1932
1483
1872
2057
2108
2002
2035
1979
1987
2031
2149
1593
1711
1853
1928
2020
1884
1510
1909
1621
2078
1972
2006
2109
1859
1965
1806
1755
1953
1389
1763
2036
2039
2135
1723
2077
1379
1726
1933
2129
2095
2108
230
2166
1453
2085
2148
1714
2098
1816
2000
1910
2067
1818
2136
2110
1977
2087
1902
1795
1902
2158
958
2133
2002
2060
2094
1324
1848
1975
2132
1922
2106
1906
92
1092
1616
1622
218
1865
1997
2102
1625
2151
2097
1895
1562
1806
1629
1210
761
1963
1457
2131
1726
1784
1869
44
2153
1945
2098
25
60
1995
2046
2132
2064
2101
1890
2107
1787
1928
2051
1738
2016
1500
2177
2156
1591
2044
1181
2047
2071
1794
2107
1739
2112
1877
2143
1797
2169
1965
1896
37
2122
1871
2121
2075
1249
1746
2092
1926
1461
2106
2030
2148
2109
1737
1843
2019
139
1830
2110
1490
81
1500
1764
2090
2083
1979
31
1895
2038
2127
2079
1967
2023
2048
1298
1651
2175
2016
2150
2136
1903
1517
1039
1812
2123
1929
104
1554
1894
2134
1914
891
2111
1682
1487
1754
2139
109
2004
1961
2111
2127
6
2122
1618
1992
2000
1530
2054
1996
1998
1822
1217
1798
1691
2133
1539
533
2032
1794
2038
2025
66
1115
2056
2153
2023
1742
1357
1930
2157
121
1958
1841
2021
8
1915
1995
2071
977
69
1334
2062
2069
1802
1979
1578
1877
2082
1695
1420
1765
2143
1823
26
186
2105
2139
221
2116
1999
2001
1913
21
2028
1937
1650
1879
1336
1752
1917
2138
64
1686
1804
1241
886
2105
1955
1583
2127
1953
1966
711
2089
1377
1922
2097
1935
1996
1891
1784
2100
17
1758
2146
2015
2080
2007
60
1660
1284
1393
2144
58
2010
32
1763
1494
1996
2126
1993
2015
2055
2123
2107
1902
1769
1100
1855
249
1490
2048
1922
2106
2067
2026
2104
1487
2128
142
2060
2073
1860
139
2037
2119
1908
1479
1820
1995
1953
0
1861
1868
1834
2174
2141
2036
1859
2056
1792
2131
1990
1808
1657
1983
1984
1385
1001
2162
1017
1833
1957
1979
1954
2010
2009
1926
1830
1672
2038
1462
2015
1871
1975
1845
2161
1731
1939
1812
1922
2055
2025
1793
2106
1922
1628
1889
1884
2059
2057
2121
1945
1809
1775
2080
2100
1979
2108
2000
1796
2119
1554
2056
2131
2142
1908
1914
1917
2176
1990
2085
2037
2169
1881
1587
2050
1830
1959
2070
1690
1555
2097
2033
1839
1954
1966
1820
223
1685
2097
2026
2129
1997
1956
1304
1826
1986
1915
1997
1509
2051
1958
2078
2106
2077
2145
1996
2128
1578
1308
1832
1824
1914
1620
2072
1842
2086
1211
1969
1943
1471
1982
1914
1835
1902
1894
1880
1306
2082
1798
1901
2063
243
1690
1753
1741
1361
2037
1869
2099
2171
1831
1796
2031
1990
2066
2040
2046
1236
2154
356
1965
2026
19
1704
1855
1802
158
2071
1180
2018
2079
2114
2016
2178
2049
1560
2018
1957
2006
2121
1879
1865
1438
1810
2021
1987
2113
1995
1251
1661
2128
2158
1903
2163
2161
1961
1369
2039
1431
2056
2054
1804
2167
2123
1915
1317
1965
596
2009
2090
2107
1677
1608
2143
2156
2031
1917
2118
1716
2107
2170
2018
2120
2121
1773
2113
138
1923
1176
1576
2110
1960
1735
1652
1996
1876
1527
2062
1304
2027
1849
1800
1939
1949
1715
2013
2091
2110
3
1906
1963
2000
2153
1225
1339
1535
1543
2042
2121
2085
1977
1724
1799
1868
1580
2013
1752
2166
1789
2037
1886
2104
1847
1801
2040
1984
1824
2033
1474
2167
1280
2047
1408
2010
0
1873
2038
2139
1734
1910
2167
2100
1747
1893
2175
2032
2149
2102
1862
2132
1897
1552
1915
2161
1778
1822
2016
2110
1712
2024
2122
1587
2005
1921
1920
2057
1800
2040
2138
2120
2139
2118
1792
1638
1538
1985
2020
1754
1986
2096
1723
2076
2133
2054
1986
1759
1978
2126
1663
2083
2141
281
26
2086
2066
71
1860
1952
1844
2079
1962
1986
2163
2047
2115
1230
1706
2011