5
128
30
15
62
27
56
0
195
101
198
200
24
574
0
611
142
33
48
40
54
253
2
44
1
105
5
150
164
201
32
92
63
10
2
17
33
106
41
14
35
159
0
196
135
36
256
43
21
11
40
60
0
9
87
19
1
82
2
132
12
309
114
32
0
7
51
20
213
0
0
59
8
3
3
0
175
6
8
3
74
25
186
0
12
0
1
1
179
21
8
1
117
109
155
211
373
59
39
0
7
96
56
269
5
84
103
0
22
292
99
35
160
10
167
1
62
19
0
58
0
0
0
69
4
0
97
223
75
109
43
3
36
107
0
92
3
5
234
0
1
56
103
25
34
27
114
111
10
136
90
36
144
0
0
333
10
95
171
46
1
2
7
285
2
9
2
33
22
4
0
71
31
22
24
24
6
137
248
29
361
96
49
221
263
146
146
11
369
190
27
34
0
178
94
81
118
195
56
4
0
196
31
31
157
47
9
448
3
47
284
4
0
10
18
57
28
25
6
11
81
4
113
1
170
0
292
9
35
39
34
390
0
0
73
253
163
3
15
2
90
6
181
125
72
16
4
113
32
0
40
13
0
174
152
50
0
60
54
46
146
64
0
358
66
136
66
2
52
1
242
39
10
9
43
205
4
7
65
196
0
143
34
13
92
5
6
0
85
0
31
95
167
26
299
1
108
17
0
166
351
81
48
372
165
29
241
2
139
41
17
106
83
4
35
102
10
174
133
150
501
161
85
55
120
20
1
89
6
106
7
255
25
9
100
300
272
1
137
8
91
19
9
46
114
22
0
204
3
23
35
153
113
2
5
0
182
149
1
46
208
289
194
94
64
0
2
46
228
131
240
6
22
0
185
134
1
73
55
447
77
0
0
36
498
8
15
3
289
0
6
279
98
53
266
153
66
15
16
0
39
18
121
46
5
127
5
202
82
7
25
42
191
7
128
34
23
92
407
40
98
148
144
3
51
1
381
15
325
17
83
15
0
50
113
157
21
0
26
18
143
0
12
17
183
54
230
30
166
233
2
78
52
0
49
58
58
7
44
76
156
2
0
0
170
17
27
0
77
232
366
153
88
0
3
56
43
100
9
78
33
56
0
28
459
32
52
264
200
12
0
24
45
185
60
23
383
277
253
2
68
62
9
6
83
83
94
557
84
295
7
16
0
0
42
7
194
142
206
108
2
77
12
69
106
534
27
35
62
59
42
0
38
185
27
222
2
453
98
31
54
53
128
33
57
238
39
21
49
33
106
640
84
124
26
2
553
101
1
31
115
9
21
176
58
53
218
117
9
417
23
3
100
3
5
12
117
10
171
19
134
92
3
7
34
115
220
149
0
70
16
0
349
0
265
11
52
12
162
0
86
12
12
74
91
7
64
86
85
9
19
192
9
1
30
2
0
16
141
141
14
38
169
144
63
3
1
33
155
0
111
55
3
524
158
96
12
99
22
18
138
18
228
98
21
104
1
12
0
41
0
454
261
36
3
206
163
0
524
5
7
0
161
3
88
0
20
10
171
1
131
22
127
0
114
211
445
7
0
89
29
246
14
81
161
334
2
148
7
141
0
4
41
50
176
208
45
59
46
23
24
60
1
44
8
135
52
28
71
7
334
6
14
143
111
37
143
24
76
15
26
245
91
5
115
122
3
25
400
65
0
36
4
14
0
45
0
157
1
195
27
57
94
269
17
89
46
179
4
5
1
0
20
26
20
71
255
26
0
1
0
6
492
0
88
0
25
0
17
192
4
43
130
10
4
0
376
2
121
98
64
181
9
133
32
1
49
55
159
84
71
21
0
29
141
89
355
183
33
179
0
39
8
312
0
26
120
42
15
1
6
20
1
212
12
29
71
36
288
60
4
40
49
24
11
8
0
132
16
3
0
282
2
11
47
28
0
62
18
77
11
277
25
148
44
15
0
313
0
255
3
290
62
9
386
32
270
110
5
206
23
277
11
247
18
173
352
94
179
4
206
10
20
39
14
368
103
7
130
0
25
7
66
8
33
144
6
358
69
2
64
41
43
14
85
141
3
22
106
34
47
19
138
35
7
6
44
65
210
26
230
5
460
15
131
361
37
7
100
7
120
13
0
6
7
0
0
88
201
57
215
124
1
89
33
294
199
143
198
102
271
276
1
285
100
117
405
213
38
86
214
68
0
91
604
165
118
174
20
203
5
44
465
12
22
26
1
148
215
52
63
6
168
97
5
17
116
36
75
337
157
29
178
153
94
100
54
281
0
20
457
152
78
97
193
225
131
0
27