783
1126
719
2111
2197
1084
2291
867
1022
1726
1765
1814
1418
2926
1806
2522
1652
1705
1623
2218
1900
1337
818
3224
653
835
731
2347
1458
2664
3814
2834
2195
1022
2862
1471
1305
1399
887
2628
2514
1959
2550
1689
1295
933
1819
756
1255
378
2261
1737
690
812
1979
937
4177
1224
1696
302
363
1796
1118
2012
1502
1507
1294
716
1806
4465
446
2515
4987
5001
1011
1949
2260
519
2064
192
1553
3050
753
4975
1890
1711
1048
1444
2657
3243
1466
2222
1582
3296
607
1978
2427
1215
618
1459
2652
623
1278
3551
997
1401
4963
1481
1817
3553
559
2381
2239
3313
1148
1564
1793
2898
1629
1658
250
2228
1281
4084
1737
1742
1177
2034
660
255
1910
679
821
683
2647
773
679
1211
966
13
3309
2550
265
2874
3164
1350
3915
1469
1548
2221
1810
197
3106
141
1521
2135
493
773
4979
1262
2334
3216
642
5000
4945
826
1206
1638
4995
1208
2032
1269
1410
806
637
1800
1870
651
1449
2689
3152
3366
2114
3110
129
2119
1981
1792
3366
2438
2649
3105
907
228
1816
1105
2066
2274
3615
1407
588
1854
2884
750
129
522
1352
200
1663
1241
2571
1094
1753
1703
1291
1665
1082
1266
1062
2555
1883
2213
458
2509
1554
798
1473
1111
1072
1865
2293
911
699
2252
2022
1194
1930
951
113
1746
4976
465
2512
668
428
2230
3278
1588
2476
475
314
2823
2198
3848
1622
1909
1915
293
1830
1834
607
122
958
2522
2257
4405
1430
1883
2561
1569
2784
1127
1700
4974
2051
2150
101
2215
1389
677
78
2916
496
158
822
4990
1477
771
1908
1854
1531
1163
1473
2299
3300
1982
1725
572
1681
2310
2274
1419
831
2117
2044
959
1961
1474
601
740
1799
1800
1529
1294
2247
2545
723
1810
3027
3237
2971
2195
865
1499
1393
1710
4402
1388
421
1477
2555
3171
1760
1876
435
1515
1419
609
513
1323
1442
2296
703
3199
3195
360
894
2954
1699
1238
1384
4421
2402
2046
899
849
4981
529
364
1262
941
1434
528
2257
1031
792
1289
1525
1788
1266
2006
100
1962
371
2034
176
3027
1094
2127
1041
2062
2838
443
16
2074
1047
284
740
4952
1027
1770
3153
4964
2283
1138
1298
2807
380
796
1386
1733
345
2007
3515
3061
1172
748
1093
1289
1712
791
5002
902
2109
1378
4990
4986
1716
1968
2565
1026
1355
2014
751
2312
2451
1917
2505
1759
2930
473
332
370
2821
4606
2636
1652
246
457
1962
1046
1577
130
803
677
1452
1682
5008
529
2394
238
2200
1205
1747
2043
2093
1396
2799
1793
2501
1593
140
1818
2759
4972
522
727
2707
4972
3581
3521
239
1473
750
4929
1302
2184
881
577
2191
939
1075
327
2948
1729
1055
1176
1318
1823
2034
936
2173
854
3162
4994
877
2434
2467
2077
2331
693
3709
2051
644
1326
4998
1694
2101
106
1652
4967
1563
1381
1181
1065
1428
3455
714
2896
2466
2588
2439
150
2399
3360
4993
1101
1149
2329
1755
4963
1130
131
250
47
1640
2741
2581
2049
4989
146
3346
1967
4946
1190
1263
1326
2343
4997
412
422
2895
2526
1572
986
817
2439
1221
3334
970
281
776
4976
4976
1161
793
4982
466
1459
1645
2413
4989
1287
2732
2483
903
1820
491
3032
81
4986
2852
561
2535
3898
1107
1748
529
770
1827
471
4653
1283
1075
2374
191
1514
1188
1081
1445
1644
4933
1446
2288
834
447
1357
4954
3270
1033
2380
1233
4962
589
5008
1905
585
574
2480
1184
1694
620
1141
725
1367
3049
2261
2314
4973
1847
1023
1085
428
2524
600
941
2577
677
4970
3393
855
1914
4967
1160
1184
2428
2856
514
456
1249
4945
1687
3083
1405
922
2027
2106
519
1673
1337
1106
1121
3754
1666
1340
741
2738
4046
1061
2226
2676
1574
2079
76
121
1457
2006
1519
1599
1370
665
2591
2299
237
2735
854
619
1760
359
2486
878
808
2128
879
1722
3010
2705
2031
2150
771
1293
1167
729
2288
1465
3159
975
1809
3645
688
2398
2119
2304
2119
1530
3005
2074
1570
633
891
420
1643
89
408
2381
2133
1243
1850
1968
2848
1576
816
573
1151
457
945
1577
4963
185
2361
1621
878
4194
2007
2588
684
1074
1760
122
2462
2257
2781
884
400
800
72
2287
898
66
2640
937
3042
2063
865
331
520
1054
4232
952
3229
1702
2154
2218
1351
655
595
1866
965
1868
3323
768
754
4978
2923
2598
1440
2266
1358
1874
730
701
556
572
294
1686
1595
1404
982
2768
881
2281
1087
2418
4975
377
2636
3479
4939
1560
2941
2376
657
150
2134
1046
303
1730
1805
1064
1273
966
2654
1636
2074
2030
112
767
911
796
1316
475
1763
107
603
770
547
578
3070
949
2205
1943
1470
2707
737
837
557
1396
3081
1976
1745
447
1683
1235
1747
924
435
1332
1476
1052
1289
427
1168
1503
640
541
3499
1301
4981
2285
2378
1601
630
141
1317
1374
2284
2188
3123
954
3419
405
1373
1576
966
3715
3177
272
1239
640
5002
1350
1618
1632
1324
3121
3914
3020
2527
1912
776
798
1099
2956
1589
977
640
817
691
1488
2514
1402
1806
1401
2374
1275
3212
1817
2340
775
2690
2077
2237
42
2496
1478
5013
271
2154
556
2355
2456
2288
391
2141
2681
976
1848
1506
1204
1882
1282
1845
2367
3045
384
2253
2004
1988
578
2842
301
1921
489
837
2422
1530
1648
2214
1426
666
2130
2160
1946
1877
1147
2081
1644
824
1917
1493
912
723
1037
252
1913
1817
3447
1635
571
3595
602
998
4989
4939
811
1122
4994
3408
1134
1035
1568
2043
1232
1309
1072
1083
2057
1204
1736