2181
2181
2181
2111
2177
2181
1764
2181
2181
1891
2181
2065
2094
1875
1780
1594
2181
2177
1961
2130
2144
2181
2181
784
2181
2181
2181
2084
1903
1899
891
1477
1959
2179
1227
2171
2176
2181
2181
1757
2118
2022
1743
2112
2181
2181
2093
2181
2167
2181
2053
1826
2181
2181
2181
2181
670
2181
2071
2181
2181
2053
2181
2110
2176
2180
2134
2181
2111
105
2181
1872
0
36
2181
2085
2177
2181
2016
2181
2181
1024
2181
5
2177
2180
2124
2181
1805
1497
2175
1920
2181
1220
2181
2139
2166
2181
2181
2181
1738
2181
2168
1892
2181
2181
377
2173
1895
1075
2181
1980
2057
911
2181
2133
2166
1334
2144
2158
2181
2155
2181
536
2177
2057
2181
1955
2181
2181
1891
2181
2181
2181
1865
2181
2181
2181
2181
2181
1721
1805
2181
1615
1353
2165
792
2181
2181
2147
2099
2181
1896
2181
2180
2181
2181
2181
5
2181
2089
1885
2181
31
1
2181
2181
2051
0
2181
2179
2181
2181
2158
2181
2134
2181
2181
2144
1808
2157
1383
1889
2105
2181
1975
1818
2181
1706
2181
1624
1386
2181
2181
2166
2181
1679
1933
945
2180
2181
1872
1774
2181
2181
2181
2181
2181
2142
2158
2159
2181
2162
2181
2170
2089
2181
2181
2180
1951
2013
2046
2181
2151
2181
2181
2156
2180
2181
2181
1934
2181
2181
2109
2086
2181
2181
2181
2181
2160
53
2181
2021
2181
2181
2082
1108
2181
2180
2181
2181
1509
1722
630
2181
2154
1662
2181
2181
2041
2181
2181
2181
1979
1970
620
2181
2162
1876
2181
2031
2181
2105
238
2181
2165
2181
1944
2181
2181
2181
1762
2181
2181
2181
46
2181
2180
2172
2181
2181
2181
2181
2055
2181
2044
2134
2181
2100
2166
1990
2170
2181
2094
2090
2181
2178
2143
2181
2181
2181
2181
2161
2181
1651
1810
2181
2181
1298
1336
2009
2181
2179
2101
2181
2082
29
1988
2181
2181
1773
1662
2180
2120
2181
2181
2181
2181
2181
2181
1911
1444
2181
1355
1188
2181
2181
1501
2153
2181
2166
390
1802
2135
2181
2181
33
2181
2181
2178
2181
2181
2181
1838
2181
2181
2181
2181
2163
2181
1777
2181
2181
2181
2037
2181
1717
2181
2154
2181
1934
1769
2181
2181
2168
2174
2181
2181
140
2018
2116
1937
157
1598
2181
2158
1773
2181
2181
2181
1855
2181
1853
728
1420
2181
2181
2181
2181
2112
2181
0
2181
2065
2181
150
0
2168
2181
1986
2181
2181
2176
2181
2092
2040
2181
1627
2181
1526
2181
2181
2181
2001
534
2065
2181
2181
2181
2058
2163
2181
2181
2181
2181
2152
2078
0
2181
2085
2181
2138
2180
1713
2045
2176
2181
1911
2150
1913
2145
2181
2108
1864
412
2181
2181
1832
135
1313
972
2181
2181
2181
103
2179
2171
2181
2181
1921
2181
2181
2181
1391
2181
2181
2181
2181
2180
2080
2169
2046
2181
2181
186
2181
1895
1789
2042
2004
2181
1077
1941
2181
2181
0
2181
2152
2181
2110
7
2177
2153
2181
2181
2062
765
2181
1816
1927
1452
2080
2181
1892
1782
731
2181
2181
2022
2135
347
2180
2181
2181
2181
2181
1749
2109
2181
28
2181
837
1916
166
2181
2181
2181
1640
18
2181
2181
1833
2074
2179
2173
2181
2036
2180
1139
2181
2181
2180
47
559
2181
2181
461
2181
2174
2181
2032
65
2181
1910
2151
2181
1814
2181
1683
2181
95
1581
2181
2075
758
2181
2113
2179
2181
2181
2181
19
2181
2181
2122
2181
2181
2181
2181
2175
2179
355
2164
2180
2181
2181
2181
199
1620
2181
1283
2181
113
2181
179
2088
2181
2181
2166
2181
2152
2181
2181
2181
2150
1378
1590
1773
252
1449
2181
2181
2181
2181
2181
2181
1619
2181
114
1179
2180
2163
265
2181
2181
2178
1428
2181
2181
2163
2
2169
2092
2173
2181
2176
2181
2181
2176
2180
2181
2181
1034
2108
2180
2181
2002
646
2181
2089
1506
2158
2143
2181
2181
2158
2135
2133
2176
2159
2181
2181
2067
2181
904
2181
2181
2174
2181
2176
2181
2155
1951
2181
2181
1475
1379
2082
1787
2181
2181
2181
2181
1944
2158
1295
2181
2148
360
2181
2181
2019
2148
2167
2181
1600
2027
2141
2181
2181
2181
2166
2181
2181
2035
2047
2181
2166
2181
1797
2181
2181
2181
2161
2181
2181
2169
187
2181
2181
2180
2181
425
2180
1891
2181
2181
2152
2181
1998
2105
1773
2181
2181
2173
2181
2004
2181
2181
1516
2181
1139
2091
2181
2181
2181
2181
432
2181
1401
2140
2181
2181
1930
2181
2181
2064
2181
2160
1657
2181
2181
12
1855
2172
2181
2087
2181
2178
2181
2181
2181
2181
2181
2160
2134
2171
2181
1721
2181
1596
2181
1883
276
2181
1413
947
222
2181
1333
1928
2181
2181
2118
2181
2181
2098
2179
2181
2094
2181
2086
2127
2085
2170
2181
2181
2181
2181
2155
2181
2181
2181
2181
2181
2181
2181
1552
2181
1861
2181
2181
1361
2181
2181
2181
2146
1559
2108
2181
2181
2154
2067
2080
2181
2181
2181
2181
2181
2180
2181
2181
2181
2181
2181
1243
2181
352
2178
1871
2074
2181
2181
2158
2181
2130
2111
1359
2181
1277
2181
2128
2181
2181
1041
1700
2181
2178
2181
11
2181
2171
2178
2181
923
955
1438
1503
2153
2181
2181
2153
2093
2140
2181
2181
2181
2181
2181
2020
2181
2137
2181
2111
2095
1305
2040
2098
2181
1450
2145
2039
2181
1617
2181
0
2181
2138
2181
1829
1941
2056
2181
2033
2179
2181
2135
2181
2181
2021
2181
2178
1895
1534
2181
2081
2181
2093
2181
1496
2181
2171
2181
2181
2155
2063
2180
2126
2179
2181
1987
2022
2181
2181
2172
2174
2147
2181
2135
2181
2181
2172
2181
2181
2181
2152
1196
2180
2181
933
2181
2181
296
81
2181
2181
128
1221
2181
2180
2181
2178
2181
2181
2181
2181
1521
2181
2151