70
39
29
0
453
177
12
0
20
3
418
28
52
378
104
67
144
0
179
610
39
204
137
2
0
84
42
213
94
456
257
104
272
116
38
4
7
285
14
23
517
132
192
112
377
195
92
0
228
23
0
181
0
60
51
19
53
150
95
107
60
5
284
107
1
40
0
73
3
2
73
0
0
35
8
6
485
0
6
0
61
0
244
5
64
0
35
151
387
332
0
22
212
132
27
11
485
106
0
0
0
0
54
793
2
177
374
0
51
51
144
232
9
0
137
79
91
59
208
121
29
5
11
93
0
0
413
78
136
12
52
1
93
81
5
199
0
436
124
0
646
0
25
41
245
3
93
151
165
432
243
1
550
0
1
882
27
104
5
151
0
896
0
32
1
0
113
12
0
0
0
263
283
49
0
144
557
46
12
43
893
513
145
1074
0
112
154
210
499
792
191
0
2
17
8
281
76
59
55
8
9
35
13
48
48
86
177
38
0
37
534
2
7
641
60
159
0
430
29
9
9
65
7
407
207
0
358
248
42
380
19
146
0
0
101
343
901
9
1
4
52
112
31
65
66
154
251
88
649
80
10
4
13
226
37
205
3
85
135
4
156
0
0
90
0
208
354
16
65
60
388
194
428
240
581
799
5
317
230
83
0
0
68
0
193
43
139
1
89
50
352
244
494
346
1435
193
188
0
0
71
224
182
0
258
106
158
661
0
38
230
206
462
134
235
0
137
155
234
0
0
742
785
125
0
0
209
0
64
13
589
44
526
57
89
110
282
284
119
64
537
38
4
246
355
251
0
1
0
39
160
0
171
309
0
14
0
29
0
22
11
9
176
141
399
4
26
13
90
16
322
109
0
447
18
234
16
304
181
87
383
2
122
10
0
97
313
0
53
141
65
212
680
154
242
273
5
337
63
14
0
40
41
111
9
124
456
2
60
219
38
67
0
105
0
321
148
0
369
404
38
119
485
451
4
456
1
268
33
484
136
1
0
0
580
358
264
176
1
225
64
4
10
5
9
0
119
30
0
260
391
0
13
382
1
39
385
305
0
316
11
26
0
9
6
399
137
2
201
131
322
243
18
335
0
85
390
59
2
34
386
180
67
0
78
33
205
4
1
490
317
5
222
54
1386
189
56
275
12
339
0
158
493
0
37
134
0
300
345
50
42
7
0
70
0
182
42
116
340
240
247
33
574
17
0
606
725
3
327
239
245
355
32
24
67
0
414
0
728
4
30
0
131
27
158
133
149
4
204
17
3
211
401
552
26
121
35
155
254
0
71
58
20
40
555
160
92
466
283
32
496
204
64
407
70
299
43
46
0
284
0
97
59
5
201
144
430
108
0
0
356
0
1
87
0
497
7
485
16
164
0
67
357
16
422
277
1
226
202
435
256
11
565
110
1
177
5
63
279
325
162
0
175
84
37
59
1
17
3
270
0
352
174
0
1116
340
69
321
8
109
0
12
104
280
111
42
398
119
40
0
1
2
375
825
227
23
127
713
17
397
0
5
0
235
2
10
0
503
50
0
282
168
118
230
25
9
39
569
32
4
213
4
987
41
30
178
120
34
103
4
383
0
0
372
28
330
238
17
3
36
1
0
188
293
232
0
9
167
0
44
0
878
1
0
4
794
81
285
191
6
61
39
297
8
9
654
3
275
116
733
152
2
112
0
260
0
334
3
189
84
1034
250
1
7
552
374
300
44
225
3
56
314
0
55
130
41
7
232
94
0
40
98
6
162
22
27
59
159
63
6
108
18
341
359
6
0
16
201
68
205
369
156
425
10
277
799
620
709
122
232
33
0
53
0
87
368
72
430
151
24
27
0
331
0
277
9
127
27
213
98
3
0
8
1
178
0
2
80
320
223
4
0
525
0
326
298
43
0
0
56
290
0
211
1
71
121
9
4
124
98
284
495
171
120
18
1
14
0
413
0
169
0
361
56
121
39
42
374
208
1
200
0
4
5
348
27
229
74
340
372
8
294
0
0
190
176
604
701
112
23
111
6
0
480
2
49
500
41
36
106
11
208
20
85
0
11
261
6
101
44
188
196
5
573
35
185
79
163
103
11
215
678
0
306
265
64
33
11
560
268
29
1
0
0
20
22
0
11
0
226
0
93
2
42
177
546
0
230
4
5
73
359
57
140
324
35
330
675
20
58
150
173
51
2
181
1008
9
185
383
83
16
0
5
144
558
239
353
0
259
36
127
259
0
241
36
213
13
139
608
197
120
25
0
297
82
87
64
127
397
0
17
792
346
163
142
49
489
146
0
73