    69
51
72
344
581
310
810
4
50
424
469
239
203
1045
569
880
216
201
400
614
235
309
184
1504
103
50
35
664
311
1037
1646
1014
470
53
1209
28
188
219
19
858
781
381
794
164
254
153
403
5
218
8
351
417
3
79
178
5
2062
286
218
66
17
354
298
378
79
273
75
96
250
2184
46
846
2488
2501
2
563
643
69
506
3
100
1337
126
2489
293
129
47
182
1079
1487
76
580
274
1363
41
342
546
78
7
107
944
10
295
1319
26
199
2478
138
393
1693
35
722
625
1569
200
205
204
1117
98
173
15
346
35
2043
259
408
297
535
64
8
471
3
60
83
825
164
44
302
125
0
1209
831
19
989
1509
158
1904
299
200
750
339
1
1198
4
152
746
4
73
2489
137
539
1234
0
2501
2477
10
66
180
2495
39
88
295
231
25
0
284
356
76
124
703
1180
1472
495
1130
0
511
469
219
1481
827
859
1296
10
34
155
202
616
427
1581
45
35
512
988
19
21
59
86
7
163
228
557
108
112
315
151
327
13
334
127
847
327
464
6
780
472
0
424
123
21
271
677
235
5
321
288
184
850
103
28
197
2490
46
594
45
18
336
1407
164
859
67
11
1011
748
1740
106
239
589
30
361
357
146
13
58
801
540
2116
298
323
724
37
907
176
504
2484
447
593
6
660
243
11
0
1214
75
1
188
2497
106
4
421
156
238
277
464
400
1123
234
387
4
153
644
640
235
7
672
513
65
532
72
25
147
180
591
152
167
817
818
76
310
1246
1449
1115
531
121
207
108
356
2165
297
36
452
917
1195
86
288
45
235
242
38
99
426
279
906
76
1121
1231
0
64
1151
186
147
80
2169
805
383
115
103
2490
9
1
73
104
239
160
927
61
55
80
297
315
221
449
0
433
9
529
28
1067
116
407
165
414
1008
1
0
162
252
4
18
2474
277
202
1310
2481
781
258
239
1080
21
16
31
433
0
461
1679
1160
427
138
96
154
307
57
2502
130
399
251
2491
2488
321
405
782
169
318
452
0
458
591
520
834
456
1187
11
2
2
871
2236
586
179
2
61
479
26
34
2
8
0
300
301
2502
108
458
14
343
317
560
501
362
296
990
474
773
233
0
189
787
2486
82
6
718
2489
1394
1420
8
186
0
2470
288
240
1
33
685
123
18
0
1125
228
161
26
36
558
418
51
496
122
1196
2498
32
677
860
633
565
99
1644
681
1
278
2497
384
578
18
216
2475
61
82
0
151
128
1551
220
1241
476
798
616
4
614
1244
2498
85
114
559
281
2471
85
8
29
0
361
741
671
239
2488
2
1217
377
2474
83
216
93
716
2499
1
130
900
765
216
108
17
618
230
1644
83
48
26
2489
2484
155
74
2488
120
214
362
531
2491
370
810
483
110
443
1
1093
0
2482
1178
17
634
1774
343
277
12
15
361
1
2287
135
0
728
8
391
20
208
4
136
2451
206
412
262
1
184
2479
1381
167
933
495
2478
32
2505
342
30
220
444
125
183
132
80
28
157
1127
986
772
2482
421
206
102
0
856
209
81
1052
54
2491
1503
12
258
2478
165
32
646
1200
16
0
78
2472
283
1119
207
4
269
622
1
564
115
72
33
1609
139
61
0
834
1900
0
381
1048
119
431
2
3
102
910
190
105
338
22
834
347
7
1035
158
18
352
2
696
15
101
438
39
355
1123
1114
274
810
21
72
214
167
712
75
1363
223
303
1590
0
841
337
536
477
567
897
638
428
105
110
7
424
9
1
967
314
258
248
636
925
62
52
0
268
4
313
105
2478
1
874
281
2
1967
511
898
174
45
176
0
727
538
933
104
16
64
3
597
143
0
804
16
1193
504
14
2
50
133
2067
31
1355
217
914
554
222
19
6
461
56
269
1300
173
257
2487
899
723
266
600
43
419
6
0
30
0
24
434
286
198
126
910
62
730
266
851
2486
4
855
1591
2460
222
1110
715
3
8
583
2
5
260
559
135
265
16
561
221
552
362
8
0
7
18
224
46
288
0
35
99
18
6
1258
57
699
660
91
1051
8
10
2
237
1107
323
248
3
323
203
175
67
33
309
214
3
63
0
56
116
223
64
1470
213
2490
470
540
384
38
0
199
130
773
665
1276
135
1325
16
102
521
0
1581
1254
1
179
74
2503
221
141
102
15
1412
1742
1154
819
323
181
197
99
956
245
82
14
170
121
60
662
565
242
329
627
181
1379
307
742
212
1081
423
444
3
993
283
2507
7
305
137
798
756
470
76
446
550
35
420
161
152
447
314
165
819
1164
12
402
704
556
75
989
88
248
0
109
786
187
190
596
145
1
461
550
253
497
251
464
124
121
376
133
234
8
235
9
288
279
1461
636
158
1564
34
18
2495
2454
83
49
2494
1382
7
58
523
517
137
189
81
228
646
0
252