2132
2086
2177
1873
1846
2109
1157
2114
1985
1538
2085
1691
1498
1389
1328
1080
2048
2027
1453
1721
1894
2080
2135
448
2167
2128
2065
1635
1453
1392
632
1034
1575
2008
767
2024
1985
2005
2154
1355
1692
1641
1203
1808
2174
2094
1548
2117
1859
2180
1787
1294
2123
2072
2098
2100
359
2088
1804
2075
2077
1630
2145
1828
1892
1810
1757
2141
1761
52
2114
1424
0
1
2104
1571
1939
2084
1587
2094
2157
593
2074
0
1967
2106
1859
2029
1250
782
2037
1552
1918
814
2146
1795
1777
2097
2180
1981
1295
2177
1576
1518
2035
2095
175
1939
1474
615
2173
1529
1659
487
2110
1780
1890
881
1945
1999
2130
1909
2117
215
1991
1679
2106
1530
2176
2181
1383
2167
2152
2151
1429
1909
2171
2158
2107
2134
1199
1381
2164
1194
771
1985
447
2012
2039
1749
1583
2115
1300
2086
2071
1995
2104
2013
2
2156
1784
1525
2064
10
0
2180
2080
1766
0
2075
2151
2070
2174
1868
2113
1803
2058
2177
1919
1485
1625
991
1383
1790
2127
1577
1311
1992
1024
1874
1257
894
2173
2177
2023
2026
1136
1592
706
2010
2095
1475
1294
2162
2157
2093
2028
2152
1870
1768
1991
2159
1968
1927
1839
1787
2097
2100
2001
1345
1573
1714
2097
1636
1958
2064
1873
1856
2115
2155
1454
1895
2092
1905
1701
2155
2145
2008
2129
1938
15
2181
1571
2072
2016
1696
789
2114
1803
1967
2103
1140
1210
494
2109
2027
1148
2154
2099
1626
2152
2161
2180
1559
1563
407
2076
1906
1489
2091
1480
2132
1621
99
2043
1913
2108
1478
2018
2147
2081
1077
2119
2162
2181
11
2093
2080
1835
2067
2114
2001
2143
1912
2148
1777
1853
2147
1943
1650
1418
1874
2178
1623
1653
1970
1981
1987
2146
2031
1927
1961
1793
2022
1033
1253
2073
2074
870
808
1577
2032
2069
1788
2046
1683
0
1554
2103
2118
1263
1286
2063
1866
2174
2019
2130
2163
1934
2081
1472
844
2068
1049
835
2156
2070
1077
1831
2116
1997
199
1259
1832
2147
2143
4
2169
2053
1946
2117
1903
2177
1301
1961
2093
2065
1942
1903
2145
1490
2171
1927
2065
1599
2162
1226
1966
1829
2090
1578
1295
2051
2087
2023
1966
2178
2121
42
1307
1866
1235
70
949
2121
1858
1161
2164
2145
2100
1381
2093
1400
345
1030
2003
1959
2129
2140
1580
2129
0
2169
1777
2151
80
0
2024
2171
1520
2073
2154
1888
2174
1755
1687
1945
1237
2114
1020
2168
2160
2134
1707
328
1824
2159
2103
2163
1409
1820
2058
2126
2073
2180
1852
1765
0
2164
1748
2131
1871
1846
1204
1627
1858
1844
1372
1803
1480
1845
2098
1875
1478
281
2047
2163
1520
37
995
681
2161
2176
2073
14
1984
1990
2158
2123
1476
2140
2176
2063
1002
2073
2119
2159
2098
1996
1759
1930
1760
2163
1868
69
1986
1579
1295
1444
1643
2173
791
1320
2048
2083
0
1948
1789
2179
1708
1
2094
1985
2076
2093
1780
551
2131
1082
1580
1059
1762
2168
1453
1478
481
1810
2140
1631
1864
208
1872
2162
2157
2143
1815
1395
1908
2039
10
2099
621
1611
86
2110
2112
2048
1228
0
1991
2150
1528
1648
1990
1886
1988
1652
1973
614
2076
2151
1962
4
295
2159
2161
214
2175
1830
2126
1685
23
2052
1565
1875
2008
1337
2042
1130
2179
34
1048
2080
1577
447
2176
1731
1929
2177
2039
2084
8
2047
2034
1667
2106
2163
2064
2001
2079
2081
166
1857
2016
2046
2146
2051
97
1146
2128
804
2179
37
2059
112
1631
1989
2156
1854
2130
1829
2157
2176
2111
1820
1029
991
1298
70
916
2104
2106
2170
1982
2112
2177
1044
2176
36
727
2055
1865
121
2151
2160
1870
983
2090
2101
1919
0
2007
1620
1889
2179
1921
2118
2077
1754
1972
2139
2020
711
1861
2060
2131
1609
364
2162
1869
860
1878
1709
2121
2078
1921
1608
1884
2015
1845
2048
2115
1756
2132
716
2180
2094
1835
2115
1770
2138
1961
1606
2173
2074
1006
800
1833
1172
2071
2122
2081
2095
1455
2062
757
2135
1817
252
2134
2165
1760
1780
1729
2178
1310
1532
1583
2168
2137
2140
1821
2177
2151
1553
1836
2090
1845
2037
1289
2056
2160
2123
1857
2105
2103
2021
100
2101
2127
1948
2120
222
1944
1421
2116
2119
1876
2129
1441
1700
1346
2130
2155
2051
2164
1483
2172
2065
1188
2156
812
1477
2027
2090
1973
2159
231
2016
897
1837
1591
1769
1485
2119
2104
1625
1951
1881
1196
2022
2020
4
1459
1996
2135
1679
2063
1813
2127
2180
1994
2094
2180
1917
1932
1992
2129
1298
2145
1183
2150
1412
69
2097
952
439
116
2155
890
1482
2149
2165
1719
2181
2121
1607
1987
1925
1524
2109
1763
1898
1592
1916
2158
2119
2174
2039
1918
1998
2097
2153
2166
2180
2177
2127
1058
2077
1301
1925
2166
814
2163
2160
2105
1859
1153
1836
2010
2142
2002
1708
1872
2147
2162
2136
2092
2150
1891
2180
2142
2102
2165
2141
762
1957
130
1977
1533
1647
2170
2147
1913
1972
1770
1759
877
1970
851
2161
1867
2121
2060
776
1234
2134
1782
2177
0
2068
1975
2072
2168
505
602
1011
1071
1840
2174
2071
1758
1587
1776
2077
2054
2096
2048
2146
1569
2158
1902
2060
1769
1719
760
1633
1620
2136
825
1787
1677
2130
970
1996
0
2038
1945
2173
1353
1363
1803
2179
1733
1985
2167
1922
1981
2044
1672
2170
1978
1295
1149
2180
1827
1961
1574
2164
1026
2050
2042
2054
2174
1859
1603
2039
1613
1994
2181
1721
1569
2011
2077
1803
1984
1925
2174
1703
2013
2179
2035
2119
2156
1860
1856
715
2062
2171
524
2165
2143
193
40
2166
1998
67
842
2050
1950
2088
1779
1973
2168
2141
2181
1085
2146
2001