496
1554
511
1529
1218
1150
1355
607
1162
1271
906
1255
1141
1848
2111
2022
1689
1083
1141
1224
1232
1600
748
1568
907
896
902
1164
2150
2136
1354
1606
1805
1501
1667
1050
804
1465
807
746
1787
1423
1333
1507
1095
663
1610
865
1635
539
933
1629
1034
883
1747
832
2895
947
905
1458
812
1164
2017
1208
1276
1674
1584
853
1736
2129
945
1414
2517
4880
630
1325
1532
838
2625
1175
773
1912
1347
4830
1048
1801
1330
793
1446
956
977
1341
975
1551
592
1639
1629
996
457
1128
1523
757
1194
2038
1159
1068
2741
1325
1925
1765
1263
1448
1049
1473
1090
921
1146
818
1365
791
974
719
1335
1288
1109
1217
867
1603
602
592
1328
842
956
1243
2165
1160
667
822
1203
960
1293
1428
833
1692
1787
940
2397
1065
699
1352
1196
744
1293
1039
1250
974
785
1476
3200
1352
835
1073
685
4933
1861
956
890
1580
4798
1281
940
578
1144
617
1402
1056
1435
424
1336
1036
2178
2453
1749
1887
1042
2097
987
1652
1787
1340
1367
1641
868
1302
1223
1354
1828
1439
1324
1276
314
911
1151
1069
950
610
1570
1047
1211
1328
1097
301
1027
1168
1478
1154
914
1503
713
1771
1139
1285
1255
836
1244
1500
1418
1844
1241
1064
1634
1419
1170
1178
2007
1522
873
1623
730
2038
2005
931
926
505
1665
1849
937
860
1138
973
481
983
1147
1551
710
568
1277
813
709
887
1468
1047
678
1526
1513
2010
1053
755
1792
1435
1113
694
1557
4746
803
1638
784
1837
1606
1336
955
1454
811
866
584
4863
1568
1140
934
1228
1561
1184
1474
1331
1622
1967
1090
644
1040
1469
1041
2009
771
1641
1741
890
1942
1008
1134
748
1188
1103
1044
1064
1038
1438
977
1167
1443
1662
1493
990
1117
1688
1290
1185
2030
1259
767
1094
1525
1696
1189
1193
1067
2204
925
145
1245
517
1305
1589
1199
1796
1904
1482
1044
1185
1006
1111
1417
1874
1477
1457
1022
478
1031
1120
1149
1759
745
2396
777
1647
1001
1066
870
1635
867
1106
1646
749
1098
809
1398
911
1463
659
1296
1363
977
1225
1153
817
1212
921
817
758
2097
1231
777
1971
2042
2745
1425
601
1573
988
562
1294
1629
1157
1608
2432
2489
1163
1336
1883
1290
989
902
4893
1014
884
2094
4873
1970
1037
678
1268
1439
1362
1322
448
971
1071
2300
1279
934
1078
948
682
380
474
2180
1121
833
720
1204
1305
1331
1515
1122
1303
599
1330
1721
4877
1059
1965
568
1891
1505
1188
998
847
1454
1176
1075
1307
1444
860
1377
1236
1614
1436
878
1527
1990
1410
1385
472
1123
925
4747
772
986
896
585
1593
1088
1338
1169
1339
1468
1024
1320
820
996
1427
1957
1358
1160
1100
4797
1120
1406
1000
1269
1232
1119
1514
1669
1330
1116
4780
1137
1246
765
1644
4394
689
640
771
982
882
1814
1104
1847
1339
2257
1388
865
1374
1627
2173
1293
1883
1043
1325
1853
794
820
1131
920
1018
1395
2185
1512
1435
1049
988
1517
2444
868
642
1232
1540
4873
862
982
2413
1626
1557
814
986
1699
1184
1780
1593