2134
2100
2181
2155
1989
2170
2100
2172
2177
2174
2157
2135
2076
2154
1697
2169
2162
2181
2090
1860
2086
2181
2165
1949
2179
2180
2042
2088
1436
2129
1994
2057
1780
2122
1461
2045
2159
2114
2166
2176
2167
2175
1922
1718
2140
2105
2055
2181
1802
2181
2177
2043
2177
2153
2181
2168
893
2133
2142
2115
2010
2177
2151
2152
1677
1939
2180
2176
2143
1236
2171
2180
23
21
2181
2172
2121
2181
1604
2160
2179
1663
2177
0
2180
2179
2099
2120
2044
2177
2104
2076
2100
2132
2181
2080
2108
2168
2181
2151
2068
2178
1929
2142
2178
2050
233
2125
2139
2034
2175
2072
2181
2179
2142
1812
2140
2141
1769
2147
2174
2180
2166
2027
2157
1998
2164
2064
2181
2181
2181
2156
2162
2158
920
2148
2160
2156
2161
2165
1565
2174
2175
860
2086
2103
1628
2180
2099
2093
2085
2176
2020
2000
2176
2175
2167
1984
224
2168
2177
1805
2084
224
2
2181
2181
2038
25
2140
2178
2157
2179
2066
2117
2121
2152
2178
2179
2055
2089
1723
1964
2085
2179
1568
2052
2126
2044
2164
1746
2181
2108
2170
2169
2121
1786
2114
1896
2147
2177
2180
2159
2162
2163
2132
2036
2170
2134
2141
2037
2181
2042
2130
2087
2134
2181
2175
2142
2110
2014
2101
2123
2018
2175
2062
2131
1747
2163
2172
2147
2170
2134
2151
2092
2164
2156
1932
2131
2165
315
2179
2176
2174
2040
1870
1999
2177
2120
2169
2157
1928
1989
2119
2177
2092
1589
2180
2154
2174
2177
2181
2181
1998
2178
1499
2176
2151
2181
2047
2074
2141
2079
62
1976
2147
2097
1055
2162
2178
2174
2172
2094
2181
2176
27
2030
2159
2120
2179
2178
2173
2096
2130
2177
1796
2165
2153
2108
2151
2102
2001
2181
2069
2144
2147
2090
2145
2173
2104
2115
2155
2169
2124
2048
1927
2178
2140
2181
2154
2083
2100
2120
2175
1620
2001
1709
2118
2175
2165
1915
1799
2145
2060
2181
2177
2181
2180
2166
2177
1987
2141
2175
1898
1882
2144
2171
2181
2094
2175
2054
1999
2117
2141
2181
2181
2105
2181
2157
2181
2172
2070
2181
2161
2166
2000
2180
2128
1978
2159
2101
2162
2080
2133
2019
2181
1913
2086
2103
2116
2008
2110
2167
2176
2180
2111
2181
2180
326
2172
2045
1864
373
1392
2161
2175
1051
2180
2179
2161
1963
2126
1854
1504
1001
2156
2089
2181
2116
2089
2140
305
2139
2097
2071
238
140
2162
2162
2178
2164
2177
2123
2181
2101
2175
2167
2138
1973
1927
2181
2179
2171
2178
1539
1864
2130
2176
2123
2117
2180
2169
2177
2039
2180
2139
1854
55
2166
2167
2120
2163
1919
2180
2181
2066
2063
2179
2115
2180
2167
2133
2087
2177
180
2045
2181
2092
215
1864
2121
2174
2180
2168
80
1991
2160
2181
2169
2178
2139
2163
2047
1967
2181
2151
2181
2180
1888
1943
2016
2140
2178
2148
208
2131
2058
2174
2023
2074
2153
2116
2118
1970
2167
2
2161
2024
2030
2160
1
2181
2128
2152
2143
2106
2105
2175
2133
2077
883
2023
2130
2178
1768
475
2171
2017
2172
2060
120
2147
2163
2181
2180
1975
1754
2114
1916
230
2152
2136
2168
80
2099
2105
2128
1567
50
2118
2148
2141
1907
2161
2124
2110
2178
1891
1495
2008