1
64
69
74
57
292
60
0
262
235
150
355
19
786
116
708
331
75
75
99
27
656
52
23
1
147
103
177
107
649
109
275
133
260
2
59
84
266
34
5
765
639
89
71
395
84
350
198
72
61
49
255
1
159
647
31
9
150
1
359
37
226
679
28
0
252
339
27
85
1
101
7
53
17
0
0
668
4
12
73
38
0
486
0
144
0
6
32
271
52
0
12
255
265
37
170
416
213
6
1
91
6
84
690
1
221
332
0
446
285
324
275
5
40
268
1
89
30
17
127
18
0
56
219
5
0
432
357
163
0
333
11
78
202
0
274
31
94
303
1
21
66
35
0
129
10
208
304
9
91
221
36
53
0
0
165
50
68
242
18
0
42
5
216
15
0
42
122
21
10
0
55
256
9
4
11
388
1
288
13
390
454
129
458
243
156
138
360
305
446
46
220
20
393
52
314
167
12
95
0
0
147
0
167
323
48
78
179
67
341
268
1
0
281
211
152
37
448
37
6
26
77
59
86
318
0
338
10
143
7
276
88
0
0
404
462
288
16
73
0
385
227
4
52
320
197
23
63
93
24
8
0
1
281
37
15
0
120
63
3
608
122
0
6
129
102
249
6
630
68
81
44
309
69
30
426
61
0
376
197
34
60
64
51
0
26
79
2
60
10
426
346
434
243
566
26
131
1
0
55
100
178
10
310
314
70
327
4
285
161
137
159
217
13
78
242
86
102
342
62
478
168
115
28
3
36
0
103
6
215
6
161
1
19
189
641
292
4
338
105
181
1
351
270
384
21
6
110
70
297
30
139
382
0
8
11
117
173
44
895
23
777
153
366
38
14
32
0
4
39
216
3
176
22
112
15
54
14
9
263
2
99
29
184
144
147
0
1
435
76
37
698
120
71
415
5
94
90
101
5
144
42
236
73
72
292
96
840
405
1
121
285
73
0
863
230
58
49
85
72
228
600
286
10
152
2
624
109
88
33
52
7
0
40
332
0
32
9
66
130
211
2
25
46
3
413
174
31
400
712
0
181
144
136
25
30
282
1
26
4
360
96
52
2
235
297
106
14
164
168
246
48
452
0
53
12
44
98
40
599
23
96
4
41
344
75
65
112
207
130
13
100
195
267
155
33
151
7
59
6
335
115
35
10
34
2
53
112
19
406
1
37
3
0
279
60
440
478
461
201
0
277
35
1
207
417
169
226
112
94
120
23
102
208
18
169
0
780
2
83
216
14
446
48
29
28
1
64
46
6
122
881
203
320
10
1
677
213
1
98