25
256
54
166
251
169
180
7
140
138
151
263
131
592
705
508
285
26
179
215
140
483
62
405
9
134
106
189
688
596
315
327
500
199
558
81
67
284
12
7
534
428
267
367
236
67
333
75
408
19
32
293
66
95
448
18
1229
142
68
305
64
83
435
110
362
330
251
30
241
754
64
71
1025
2442
2
74
497
66
883
69
73
629
316
2404
86
168
247
33
390
63
139
246
244
293
47
205
332
130
1
85
272
12
199
603
74
177
1225
190
471
292
219
359
6
93
232
137
123
97
376
87
81
26
110
305
36
293
275
352
97
2
229
39
75
101
910
144
49
75
160
67
350
118
8
641
278
122
769
208
24
167
208
14
226
160
99
70
31
218
1495
157
49
250
49
2459
706
19
35
207
2415
198
35
62
118
36
193
123
302
2
153
164
635
823
465
529
129
622
86
340
465
349
301
169
38
244
108
233
459
186
278
134
0
65
151
207
162
54
336
99
67
242
247
0
199
209
207
151
32
313
31
353
156
135
131
171
179
225
333
596
86
32
232
123
174
144
351
273
146
473
24
278
773
129
38
17
413
371
137
77
114
32
11
204
173
290
7
13
361
62
56
50
371
36
3
328
94
702
149
51
430
166
210
53
280
2376
95
330
60
709
248
111
44
138
119
23
3
2428
322
92
88
82
193
221
361
206
493
570
91
10
111
184
94
560
14
419
318
31
594
48
159
136
169
122
110
159
96
401
62
167
226
187
426
201
60
148
292
181
768
94
24
175
374
479
115
127
96
604
183
0
228
62
279
231
162
540
510
154
77
81
120
184
186
444
338
263
32
3
68
89
90
603
20
857
95
384
62
187
12
292
89
118
284
16
157
38
335
14
394
26
203
244
126
234
103
113
61
158
8
18
844
104
90
771
688
1157
449
13
547
62
45
151
368
149
411
863
995
168
120
541
326
93
164
2446
52
103
861
2417
834
40
84
92
212
401
384
1
120
56
492
134
135
215
32
29
9
21
688
197
37
24
117
160
164
174
35
252
0
288
462
2450
240
488
26
190
345
84
23
92
330
73
147
8
222
90
260
84
630
308
35
195
857
349
324
20
279
18
2362
105
63
100
30
445
117
99
247
220
279
116
75
36
222
356
497
157
137
178
2395
57
245
50
209
160
222
234
223
213
35
2383
128
195
62
245
2201
13
30
42
214
98
382
300
474
267
918
237
86
64
425
865
160
379
104
241
712
82
54
95
39
201
344
675
435
552
197
106
291
1195
83
53
156
419
2426
51
117
835
382
220
80
136
481
280
589
407