2009
1907
2163
2010
1717
2131
1957
2079
2111
2121
2001
2003
1892
2043
1387
2087
2080
2159
1953
1674
1855
2170
2087
1753
2153
2096
1884
1940
1201
1980
1771
1915
1546
1972
1150
1909
2060
1987
2065
2061
2092
2126
1676
1483
2029
1944
1923
2166
1568
2179
2142
1817
2098
2049
2178
2098
626
2038
1960
1922
1723
2121
2071
2009
1442
1778
2156
2128
2020
870
2113
2124
3
2
2159
2079
2010
2125
1299
2055
2132
1366
2101
0
2159
2138
1900
1901
1804
2086
1874
1828
1899
2005
2148
1934
1944
2116
2180
2001
1908
2112
1664
2012
2144
1916
115
1924
1954
1892
2102
1849
2141
2116
1995
1558
1946
1946
1533
1959
2130
2136
2041
1784
2044
1716
2056
1912
2181
2180
2154
2021
2085
2097
695
2024
2061
2041
2095
2103
1284
2140
2111
665
1884
1938
1388
2147
1910
1981
1913
2097
1753
1848
2128
2099
2081
1760
116
2075
2141
1613
1910
86
0
2180
2163
1865
5
1934
2152
1984
2163
1873
1948
1934
2036
2137
2145
1853
1771
1532
1720
1860
2160
1349
1863
1960
1798
2098
1456
2154
1906
2123
2068
2002
1567
1943
1727
1975
2105
2140
2087
1999
2064
1969
1736
2102
1994
2004
1876
2171
1811
1970
1870
2034
2170
2099
2048
1886
1712
1965
1974
1844
2141
1858
1950
1365
2069
2114
2058
2088
1924
2031
1894
2075
2097
1591
2024
2059
122
2156
2118
2083
1739
1685
1797
2136
1956
2075
2069
1658
1712
2024
2132
1945
1254
2145
2092
2121
2106
2177
2178
1779
2127
1174
2105
1993
2160
1814
1807
2019
1939
21
1794
2013
1927
826
2037
2123
2087
2126
1947
2174
2133
7
1749
2040
1996
2093
2082
2046
1904
1985
2085
1419
2089
2083
1935
2083
1989
1742
2172
1823
2052
1914
1836
1992
2123
1910
1894
2034
2086
1893
1915
1716
2093
2016
2158
2062
1901
1924
1953
2134
1511
1807
1342
2004
2130
2070
1625
1485
2021
1913
2155
2014
2124
2126
2041
2090
1866
2014
2106
1623
1646
2032
2111
2145
1932
2102
1941
1793
1982
1987
2165
2179
2021
2177
2039
2157
2138
1844
2167
2054
2091
1727
2159
1939
1860
2011
1948
2110
1892
1980
1751
2177
1651
1852
1837
1917
1839
1951
2060
2095
2161
1912
2178
2128
151
2037
1869
1634
181
1002
1988
2099
855
2145
2145
2002
1719
1939
1698
1159
760
2076
1937
2177
2044
1969
2010
89
2099
1931
1916
100
57
2095
2052
2137
2110
2129
1901
2168
1981
2113
2090
2040
1745
1624
2181
2138
2085
2088
1416
1707
2035
2132
2014
2032
2163
2005
2101
1883
2169
2041
1622
4
2091
2061
1978
2117
1662
2152
2176
1881
1892
2127
1938
2159
2124
2002
1887
2111
96
1892
2165
1939
136
1630
1949
2130
2167
2090
10
1804
2069
2154
2121
2127
2036
2047
1802
1791
2168
2056
2178
2158
1769
1723
1640
1991
2158
1983
75
1967
1894
2131
1754
1773
2065
1859
1928
1747
2133
0
2062
1797
1892
2135
0
2175
1998
1998
2056
1882
2064
2119
1963
1862
658
1855
1939
2151
1546
264
2093
1701
2116
1909
46
1971
2112
2173
2161
1729
1484
1948
1689
74
1979
2023
2091
16
1926
1965
2061
1369
18
1922
2017
1997
1719
2115
1948
1996
2127
1740
1153
1677