0
17
33
13
30
124
16
0
94
91
67
194
3
461
37
445
160
14
35
25
5
391
25
3
0
55
35
95
37
367
37
112
48
70
0
16
24
129
0
2
444
365
34
26
176
28
172
62
20
17
11
93
0
58
356
3
0
74
1
181
8
72
334
6
0
99
166
5
23
0
23
3
10
2
0
0
384
0
0
14
14
0
259
0
54
0
2
3
172
11
0
0
145
128
15
41
193
90
0
0
38
0
30
417
0
80
175
0
196
125
151
165
0
2
131
0
37
11
3
55
5
0
13
96
2
0
246
178
65
0
169
3
20
85
0
94
7
21
121
0
4
12
4
0
44
0
94
176
2
21
99
10
13
0
0
52
11
26
118
3
0
9
0
86
3
0
10
45
6
2
0
13
96
0
0
3
221
0
100
3
180
222
65
248
97
67
35
151
152
257
14
92
0
175
11
128
57
1
41
0
0
55
0
79
127
14
25
59
11
153
132
0
0
125
69
46
12
217
6
1
3
18
16
30
145
0
179
1
38
1
127
5
0
0
167
184
115
2
19
0
149
104
2
15
170
55
7
23
33
6
4
0
0
140
4
3
0
36
14
1
305
15
0
1
41
29
116
0
340
3
34
13
143
25
9
203
8
0
136
43
8
9
35
12
0
6
10
0
22
1
127
166
215
91
341
2
36
0
0
15
31
45
0
177
149
16
213
0
114
71
56
50
78
1
20
152
32
43
169
14
259
101
15
1
0
11
0
28
0
93
3
65
0
6
67
360
136
0
137
41
98
0
126
128
215
2
2
29
29
145
2
64
195
0
1
4
31
61
11
540
5
518
63
205
8
3
2
0
1
8
67
0
59
7
39
3
12
1
4
99
0
49
2
74
45
78
0
0
209
27
9
427
22
30
294
0
46
46
32
0
63
8
111
26
33
124
20
448
242
0
69
78
15
0
612
93
26
8
29
24
98
331
162
0
45
0
267
40
27
6
19
3
0
10
170
0
3
2
18
48
99
0
1
9
0
219
89
4
188
369
0
87
31
34
8
10
141
0
10
1
169
45
12
0
131
151
21
1
82
64
125
14
228
0
6
3
6
42
10
337
6
24
0
19
198
40
17
28
101
62
0
27
86
92
57
0
66
1
16
1
167
35
7
0
9
0
19
42
5
181
0
7
0
0
126
29
211
233
253
97
0
114
4
0
92
219
72
64
29
39
44
4
31
64
2
67
0
488
1
18
94
3
234
8
6
7
0
28
18
0
36
626
80
155
2
1
399
111
0
27