730
723
849
1793
1905
978
1593
605
838
869
1675
1413
988
2701
888
1316
1505
1402
1084
1980
1667
1000
756
1736
480
776
638
1967
1065
2438
2945
1969
1602
647
1910
1286
1090
1231
726
2090
2200
1574
1914
1419
1335
927
1504
68
836
373
1618
1311
495
784
1812
727
3417
1004
1296
299
340
1430
1008
1638
1238
1333
847
557
1336
3327
353
1658
4987
5000
676
1214
2063
460
1703
144
1449
1945
731
4975
1819
1539
779
1414
2143
3241
965
1834
1418
2579
581
1607
2181
1007
659
822
1935
435
1035
3294
875
1402
4962
819
1165
2481
550
1787
1687
1984
1088
1178
1554
2080
1146
1446
230
1952
620
3411
1326
1346
1212
1684
532
110
1335
653
807
511
2014
611
404
1053
840
12
2922
2096
188
2443
2237
1019
2992
1430
1270
2036
1586
131
2521
78
1342
2041
196
506
4979
960
1980
2362
619
4999
4945
631
1102
1075
4995
144
1730
1321
1264
683
291
1232
1690
813
1250
2349
2893
2761
1600
2949
103
1801
1355
1305
2880
2295
2030
2257
682
172
1495
997
1382
1725
2118
1083
548
1518
2267
734
105
487
1047
126
1039
930
2368
1035
1300
1583
1035
1340
918
1225
868
2107
1636
1994
98
2180
1513
423
1266
927
787
1848
1885
740
597
2013
1711
1165
1901
605
112
1452
4975
456
2204
584
284
1907
2640
1405
2275
354
230
2133
1592
3310
1270
1542
1190
270
1749
1195
535
107
802
2006
2035
3455
1232
1625
2071
1341
2442
1121
1375
4974
2000
1895
63
1648
1270
452
58
2488
387
104
850
4990
1498
597
1571
1391
1377
1083
1433
1820
3271
1677
1423
554
1399
2109
1880
1244
604
1906
1529
669
1586
1191
471
635
1643
1343
1391
925
1623
2094
624
1765
2282
2235
2556
1956
746
1081
1203
1386
3414
1027
350
1405
2007
2742
1529
1446
380
1268
1518
633
434
1248
938
837
555
2539
2234
73
874
2110
1364
1146
914
3613
1787
1913
750
692
4981
460
120
1181
772
1273
528
1712
724
553
1149
1205
1318
1260
1524
76
1942
291
1611
167
2078
991
1463
805
1614
2424
167
16
1620
893
145
541
4952
907
1596
2631
4964
1618
1203
1023
2155
159
717
1069
1103
337
1429
1950
2116
994
108
1152
686
1183
705
5002
765
1767
1274
4990
4986
1391
1821
2111
514
1306
1967
655
1998
2238
1797
1627
1716
2119
444
293
339
2245
4191
2268
1557
168
411
1770
719
821
107
481
335
1121
1176
5008
525
2109
190
2028
1053
917
1398
1912
1247
2552
1464
2063
1329
57
1184
2415
4972
431
304
1918
4972
2963
2451
194
1412
658
4931
1103
1880
701
461
1791
769
889
143
2156
1478
941
1208
1179
1496
1561
295
1911
656
3061
4995
620
2018
2051
1661
2113
736
2983
1332
263
1331
4998
1491
1833
89
1167
4967
1417
1049
1047
949
1258
2089
580
2404
2080
1946
2031
140
1874
3048
4993
815
1049
1931
1333
4963
1170
79
208
8
1466
2132
2143
1710
4989
104
2553
1469
4946
1133
1240
1068
1841
4998
206
400
2460
2165
1231
729
489
2260
986
1738
675
267
589
4976
4976
1195
608
4982
460
1033
1605
2072
4989
1164
1995
1974
732
1028
297
2612
25
4986
1933
380
2305
2897
1031
1448
256
320
1625
36
4212
1289
415
2034
127
1508
1137
1026
1098
1156
4933
1148
2090
807
313
1146
4954
2630
712
1501
1226
4962
472
5009
1450
212
590
1965
1120
1677
579
1193
551
976
2421
1302
1647
4973
909
873
993
313
2436
595
917
1815
805
4970
2583
393
1505
4967
1095
1070
1709
2168
294
253
709
4944
1344
2908
1197
586
1844
1906
315
1516
1231
1019
761
3053
1177
1018
733
2103
3126
621
1819
1993
1137
1806
74
114
1219
1621
1319
1487
1203
735
2529
1880
96
1967
851
608
1474
394
2289
192
500
1542
605
1712
2329
1826
1844
1461
621
1014
950
565
1790
1070
2250
929
1735
2347
477
2280
1782
2266
1938
1485
2454
1677
1341
478
789
288
1427
37
200
2063
1950
1135
1117
1849
2557
1201
713
469
887
89
784
1376
4963
154
2308
1407
197
2924
1556
1911
645
947
1439
144
1896
1986
2297
753
379
725
51
1943
559
42
2178
968
2041
1679
396
140
416
930
3273
674
2622
1524
1901
1875
779
572
196
1453
361
1503
2817
575
673
4978
2527
2183
1363
1787
1024
1712
851
559
418
498
297
1444
1389
1221
944
2220
855
915
1189
1947
4975
371
1859
2558
4939
1407
2197
1874
623
143
1825
743
202
1247
1723
784
905
662
2218
1172
1467
1703
115
412
939
624
964
363
1612
35
539
741
470
341
1929
915
1568
1807
1464
1821
678
196
535
1206
2442
1725
1655
368
1507
749
1421
806
432
1350
1474
963
879
545
970
1421
581
537
2772
1030
4981
2051
1723
889
702
112
1127
1220
2006
1837
1948
809
2621
352
1140
1569
770
2976
2295
226
559
830
5002
1048
1365
1475
1031
1634
3104
2044
1491
1462
728
754
787
2646
1162
790
313
662
618
785
2253
1347
1464
1342
2096
972
2533
1495
1851
743
1706
1698
1686
39
1840
1045
5013
214
1985
496
1683
1517
1816
282
1616
2353
781
1596
1255
934
1497
1202
1586
1774
2340
371
1697
1906
1631
448
2130
271
1706
9
669
2132
1142
958
1919
1168
704
1661
1624
1694
1702
1005
1876
1237
737
1736
1356
962
595
939
211
1513
581
2543
1624
524
2724
585
1404
4989
4939
807
931
4993
2631
335
771
1534
1550
1077
1265
886
1027
1230
1011
1374