2181
2181
2181
2175
2181
2181
2172
2181
2181
2180
2181
2165
2180
2054
2175
2142
2181
2181
2178
2174
2181
2181
2181
1851
2181
2181
2181
2152
2172
2132
1369
2026
2130
2181
1784
2181
2180
2181
2181
2017
2181
2152
2073
2176
2181
2181
2178
2181
2181
2181
2181
2118
2181
2181
2181
2181
1187
2181
2174
2181
2181
2154
2181
2169
2181
2181
2181
2181
2176
681
2181
2175
0
36
2181
2181
2181
2181
2143
2181
2181
1900
2181
5
2179
2181
2175
2181
2134
1497
2181
2118
2181
1910
2181
2180
2178
2181
2181
2181
2152
2181
2181
2066
2181
2181
377
2181
2125
1913
2181
2176
2180
1813
2181
2179
2179
1950
2181
2173
2181
2181
2181
1082
2181
2173
2181
2105
2181
2181
2178
2181
2181
2181
2118
2181
2181
2181
2181
2181
1954
2157
2181
1923
2039
2181
1360
2181
2181
2172
2174
2181
2132
2181
2181
2181
2181
2181
5
2181
2166
2115
2181
31
1
2181
2181
2136
0
2181
2181
2181
2181
2181
2181
2181
2181
2181
2180
2008
2180
1720
2123
2165
2181
2120
2159
2181
2050
2181
2036
1991
2181
2181
2178
2181
2140
2165
1760
2181
2181
2105
2072
2181
2181
2181
2181
2181
2180
2180
2181
2181
2181
2181
2181
2181
2181
2181
2181
2155
2108
2140
2181
2180
2181
2181
2181
2181
2181
2181
2124
2181
2181
2176
2176
2181
2181
2181
2181
2181
53
2181
2168
2181
2181
2145
1481
2181
2181
2181
2181
2039
2087
952
2181
2181
2157
2181
2181
2181
2181
2181
2181
2168
2069
1255
2181
2181
2131
2181
2161
2181
2181
238
2181
2181
2181
2168
2181
2181
2181
2061
2181
2181
2181
46
2181
2181
2181
2181
2181
2181
2181
2095
2181
2131
2181
2181
2167
2174
2166
2181
2181
2170
2168
2181
2181
2177
2181
2181
2181
2181
2175
2181
2081
2060
2181
2181
2031
2032
2125
2181
2181
2181
2181
2167
824
2140
2181
2181
2069
1924
2181
2178
2181
2181
2181
2181
2181
2181
2130
2177
2181
1750
1833
2181
2181
2031
2181
2181
2179
893
2149
2179
2181
2181
33
2181
2181
2181
2181
2181
2181
2160
2181
2181
2181
2181
2181
2181
2025
2181
2181
2181
2157
2181
2138
2181
2181
2181
2140
2045
2181
2181
2181
2181
2181
2181
140
2181
2170
2175
157
2130
2181
2180
2166
2181
2181
2181
2139
2181
2160
1876
1979
2181
2181
2181
2181
2181
2181
0
2181
2138
2181
150
0
2181
2181
2168
2181
2181
2181
2181
2179
2140
2181
2131
2181
1984
2181
2181
2181
2153
731
2160
2181
2181
2181
2181
2181
2181
2181
2181
2181
2177
2170
0
2181
2162
2181
2175
2181
2178
2181
2181
2181
2106
2178
2095
2179
2181
2177
2110
412
2181
2181
2162
135
1754
1673
2181
2181
2181
102
2181
2180
2181
2181
2174
2181
2181
2181
1987
2181
2181
2181
2181
2181
2181
2181
2118
2181
2181
186
2181
2074
2138
2141
2127
2181
1509
2180
2181
2181
0
2181
2181
2181
2181
7
2181
2181
2181
2181
2142
2139
2181
2136
2075
1923
2181
2181
2179
1914
731
2181
2181
2176
2181
347
2181
2181
2181
2181
2181
2090
2177
2181
28
2181
1691
2177
166
2181
2181
2181
2040
18
2181
2181
2090
2173
2181
2181
2181
2102
2181
2100
2181
2181
2181
47
559
2181
2181
461
2181
2181
2181
2153
65
2181
2162
2181
2181
2163
2181
2029
2181
95
2037
2181
2165
1412
2181
2173
2181
2181
2181
2181
121
2181
2181
2178
2181
2181
2181
2181
2181
2181
355
2177
2181
2181
2181
2181
199
2089
2181
2047
2181
113
2181
179
2151
2181
2181
2181
2181
2174
2181
2181
2181
2181
1905
2138
2097
252
2174
2181
2181
2181
2181
2181
2181
1993
2181
114
1830
2181
2179
265
2181
2181
2181
2016
2181
2181
2181
2
2179
2159
2181
2181
2181
2181
2181
2181
2181
2181
2181
1486
2175
2181
2181
2181
1320
2181
2164
2094
2181
2180
2181
2181
2176
2181
2178
2180
2181
2181
2181
2169
2181
1621
2181
2181
2181
2181
2181
2181
2181
2149
2181
2181
1896
2136
2175
2177
2181
2181
2181
2181
2162
2178
2028
2181
2173
1564
2181
2181
2132
2166
2181
2181
1908
2167
2177
2181
2181
2181
2178
2181
2181
2145
2140
2181
2181
2181
2055
2181
2181
2181
2181
2181
2181
2181
187
2181
2181
2181
2181
1630
2181
2133
2181
2181
2181
2181
2165
2177
2118
2181
2181
2181
2181
2168
2181
2181
1902
2181
1920
2179
2181
2181
2181
2181
1116
2181
1853
2174
2181
2181
2150
2181
2181
2170
2181
2181
2027
2181
2181
12
2019
2181
2181
2178
2181
2181
2181
2181
2181
2181
2181
2180
2178
2181
2181
2075
2181
2125
2181
2118
276
2181
2097
1850
222
2181
1984
2159
2181
2181
2177
2181
2181
2181
2177
2181
2181
2181
2173
2176
2173
2178
2181
2181
2181
2181
2181
2181
2181
2181
2181
2181
2181
2181
2101
2181
2175
2181
2181
2070
2181
2181
2181
2181
2083
2171
2181
2181
2173
2181
2161
2181
2181
2181
2181
2181
2181
2181
2181
2181
2181
2181
1827
2181
352
2181
2096
2181
2181
2181
2180
2181
2177
2181
2159
2181
1860
2181
2181
2181
2181
1646
2077
2181
2181
2181
11
2181
2181
2181
2181
2039
1543
2013
2179
2181
2181
2181
2181
2156
2179
2181
2181
2181
2181
2181
2139
2181
2181
2181
2170
2181
1880
2138
2178
2181
2073
2180
2171
2181
2065
2181
0
2181
2164
2181
2087
2181
2180
2181
2153
2181
2181
2162
2181
2181
2124
2181
2181
2157
2015
2181
2176
2181
2178
2181
1926
2181
2181
2181
2181
2181
2168
2181
2178
2181
2181
2144
2161
2181
2181
2181
2181
2181
2181
2170
2181
2181
2181
2181
2181
2181
2181
1919
2181
2181
1580
2181
2181
296
81
2181
2181
127
1779
2181
2181
2181
2181
2181
2181
2181
2181
2005
2181
2180