45
33
66
137
497
277
215
0
30
31
433
62
138
864
64
194
170
78
161
515
136
260
165
467
75
40
34
340
113
775
1149
463
269
43
451
5
67
200
19
449
571
230
391
119
249
136
124
0
151
8
77
203
0
72
134
3
1518
230
97
64
13
128
295
230
3
149
20
93
99
1476
46
262
2488
2501
2
24
542
22
182
1
94
494
114
2489
239
39
21
143
758
1486
6
303
180
808
25
112
421
60
7
0
384
9
201
1091
21
186
2478
11
104
922
28
316
204
651
154
92
95
610
28
99
15
129
28
1597
63
116
276
328
60
8
126
0
53
83
260
151
19
289
107
0
867
387
15
660
769
71
1272
194
157
588
258
1
772
2
112
695
4
59
2489
128
338
873
0
2501
2477
10
59
28
2495
0
27
269
229
21
0
196
340
76
61
411
817
1088
200
1005
0
289
138
152
1011
695
589
527
9
32
62
189
180
187
616
3
34
241
376
17
21
56
70
7
7
172
446
71
18
296
52
168
7
325
74
235
144
241
6
571
340
0
358
88
16
267
238
206
4
88
55
181
811
32
28
27
2490
42
301
44
18
118
990
129
687
36
10
468
312
1383
45
178
62
27
268
57
124
4
36
335
309
1519
275
164
335
6
522
145
410
2484
408
528
6
313
212
11
0
811
71
1
187
2497
87
2
234
42
211
252
421
297
1096
125
283
1
52
370
318
127
7
474
272
65
514
23
22
142
145
464
138
124
224
401
70
232
619
486
905
520
102
12
16
225
1708
104
26
434
428
877
60
68
45
202
236
38
83
410
111
67
72
662
657
0
20
435
37
136
11
1669
488
184
88
89
2490
5
1
22
84
174
157
613
43
45
31
139
120
215
238
0
380
9
270
27
475
102
184
156
191
556
1
0
77
223
4
18
2474
65
141
963
2481
349
226
134
563
21
14
10
176
0
152
646
600
397
1
72
148
59
51
2502
93
171
239
2491
2488
244
385
349
149
306
321
0
327
340
397
196
408
655
7
0
0
579
1984
373
154
2
61
257
3
1
2
1
0
138
120
2502
108
321
14
200
209
57
155
310
247
596
376
409
108
0
36
462
2486
73
4
226
2489
958
801
8
178
0
2471
238
145
1
30
412
104
18
0
547
146
129
24
16
533
223
2
353
106
1114
2498
31
421
503
463
235
85
1152
199
1
234
2497
268
432
18
53
2475
28
47
0
136
40
307
219
717
295
381
428
4
153
990
2498
20
102
324
205
2471
59
8
29
0
274
182
534
69
2488
1
722
134
2474
75
184
61
377
2499
1
130
571
538
93
81
10
418
206
406
68
47
20
2489
2484
149
53
2488
120
72
339
341
2491
338
303
192
92
78
1
762
0
2482
591
1
396
933
332
124
5
15
296
0
2056
127
0
580
6
384
11
163
0
26
2451
49
298
231
0
176
2479
968
161
362
480
2478
23
2504
61
30
219
290
100
87
129
73
25
64
441
247
284
2482
6
202
99
0
790
200
80
667
44
2491
789
2
101
2478
155
29
363
604
15
0
10
2472
233
947
142
4
197
588
1
461
40
53
0
1072
31
20
0
626
1329
0
150
417
89
246
2
3
51
699
77
68
259
16
801
143
7
643
142
18
178
2
506
0
48
298
39
308
663
490
107
287
8
20
199
161
360
18
661
203
97
811
0
804
101
433
303
566
507
346
359
56
99
5
338
9
1
815
166
252
20
600
651
1
52
0
177
1
301
37
2478
1
860
242
1
1095
387
498
158
34
153
0
227
267
505
98
12
60
3
337
143
0
438
16
442
279
14
2
35
128
1395
5
852
145
618
435
5
9
6
272
28
152
885
152
252
2487
479
649
262
451
38
247
6
0
30
0
22
346
199
191
119
449
54
84
260
380
2486
3
353
897
2460
177
540
271
3
7
356
0
4
134
486
121
32
4
419
90
284
237
8
0
7
12
185
12
232
0
28
93
12
5
406
37
259
551
88
397
5
2
1
66
695
141
194
1
291
53
104
52
33
298
180
1
47
0
38
63
223
50
882
204
2490
398
182
152
38
0
145
56
591
619
292
120
700
11
33
504
0
1083
666
1
65
71
2503
175
67
77
6
373
1186
354
96
98
164
194
9
727
107
64
13
155
104
25
441
553
122
295
417
37
802
146
489
202
260
248
62
2
381
30
2507
7
177
137
307
303
111
73
206
457
26
323
45
86
178
298
70
354
846
12
207
623
268
73
495
86
128
0
101
763
40
139
396
59
1
149
234
218
466
205
379
15
113
130
106
229
1
227
9
133
10
708
615
156
1002
34
15
2495
2454
76
44
2494
874
0
35
501
283
133
167
56
222
227
0
151