2174
2110
2181
2023
2037
2162
1865
2148
2071
2000
2130
1959
1813
1633
1851
1677
2138
2137
1963
1927
2022
2176
2162
1241
2177
2175
2139
1973
1789
1709
1017
1526
1805
2085
1382
2105
2086
2090
2176
1671
1982
1926
1518
1931
2179
2168
2016
2165
2014
2181
2053
1653
2135
2145
2145
2126
810
2162
1995
2151
2148
1900
2174
2014
2081
2004
1996
2163
1999
388
2144
1904
0
1
2150
2100
2079
2167
1899
2152
2177
1382
2140
0
2052
2175
1982
2120
1741
783
2146
1807
2096
1366
2174
2046
1936
2159
2181
2093
1847
2181
1866
1756
2130
2148
175
2101
1771
1336
2180
1981
2013
1260
2163
1937
2047
1490
2072
2091
2173
2110
2158
587
2122
1937
2170
1772
2180
2181
1937
2180
2178
2172
1915
2087
2168
2180
2166
2170
1519
1869
2180
1548
1514
2119
928
2136
2127
1975
1764
2160
1689
2154
2157
2114
2178
2130
2
2176
1982
1825
2146
10
0
2181
2118
1917
0
2153
2175
2149
2179
2030
2163
2069
2121
2181
2024
1781
1935
1298
1752
1922
2152
1823
1824
2105
1587
2065
1499
1663
2181
2181
2107
2117
1646
1825
1376
2107
2164
1858
1838
2179
2179
2155
2141
2177
2038
1922
2086
2179
2100
2083
2045
2062
2155
2136
2138
1922
1812
1970
2165
1885
2112
2120
2014
2024
2179
2172
1942
2122
2138
2061
2035
2177
2176
2128
2176
2103
15
2181
1885
2136
2115
1945
1146
2170
2010
2160
2176
1679
1701
685
2165
2169
1765
2180
2173
2032
2173
2179
2180
1962
1804
889
2151
2070
1864
2151
1922
2180
1906
99
2103
2059
2144
1807
2124
2162
2134
1499
2164
2171
2181
11
2159
2125
2022
2144
2158
2089
2177
1995
2173
1966
2041
2169
2047
1942
1822
2059
2179
1878
1943
2088
2115
2049
2169
2137
2049
2089
2003
2096
1654
1646
2155
2168
1623
1690
1832
2110
2128
2057
2160
1900
296
1846
2161
2168
1713
1573
2125
2065
2179
2114
2175
2181
2111
2153
1698
1761
2115
1381
1298
2175
2156
1716
2047
2145
2068
507
1606
2052
2171
2176
4
2173
2137
2119
2174
2081
2181
1709
2091
2162
2125
2071
2117
2175
1729
2180
2033
2149
1856
2178
1758
2127
2087
2145
1875
1699
2115
2139
2130
2073
2181
2156
42
2044
2002
1648
70
1654
2172
2051
1750
2180
2180
2140
1776
2125
1725
1361
1527
2123
2098
2179
2177
2039
2174
0
2176
1989
2176
80
0
2109
2179
1931
2147
2175
2107
2181
1916
1948
2125
1760
2180
1512
2179
2169
2164
1960
477
2005
2172
2138
2179
1776
2090
2133
2168
2123
2181
2063
1991
0
2180
1898
2175
2031
2104
1971
2163
2002
2036
1762
2004
1781
2093
2163
2039
1819
281
2128
2176
1918
37
1345
1165
2176
2180
2151
14
2137
2092
2181
2159
1879
2162
2181
2120
1548
2151
2162
2171
2163
2092
2035
2074
1913
2176
2011
69
2098
1842
1722
1766
1974
2180
1131
1936
2142
2151
0
2115
1973
2181
2008
1
2146
2083
2152
2161
1959
1869
2166
1590
1799
1507
1997
2175
1966
1700
481
2045
2167
1941
2106
208
2043
2179
2172
2163
2010
1873
2036
2158
10
2150
1221
1963
86
2153
2166
2142
1675
0
2062
2175
1841
1908
2085
2061
2158
1898
2142
1667
2154
2176
2117
4
295
2180
2179
214
2181
2062
2169
1912
23
2132
1996
2119
2131
1793
2159
1494
2181
34
1561
2118
1824
994
2180
1993
2025
2180
2125
2129
49
2122
2132
1911
2159
2180
2145
2129
2161
2161
166
2053
2135
2132
2178
2116
97
1519
2167
1457
2181
37
2156
112
1938
2058
2177
2055
2170
2024
2179
2179
2166
2013
1644
1737
1773
70
2031
2157
2159
2180
2063
2155
2180
1437
2181
36
1453
2168
2083
121
2178
2180
2138
1533
2159
2155
2072
0
2108
1848
2051
2181
2032
2164
2135
2007
2103
2176
2153
1140
2020
2126
2167
1902
827
2177
2063
1584
2031
1994
2159
2109
2103
1973
2020
2092
2051
2153
2162
2020
2169
1109
2181
2160
2078
2177
1998
2153
2045
1949
2181
2144
1395
1524
2012
1804
2143
2175
2125
2157
1807
2123
1508
2174
2076
1135
2163
2179
1989
1924
1934
2181
1622
1858
1841
2179
2174
2167
2017
2179
2175
1778
1982
2162
2055
2134
1584
2148
2177
2165
2068
2172
2169
2081
100
2167
2172
2052
2152
1130
2105
1806
2168
2163
2013
2168
1884
2000
1832
2168
2179
2095
2177
1800
2179
2130
1579
2177
1509
1820
2112
2140
2117
2180
740
2117
1410
1945
1972
2003
1842
2158
2149
1902
2067
2093
1610
2139
2128
4
1831
2131
2168
1866
2159
2013
2157
2181
2077
2144
2180
2086
2039
2079
2171
1726
2176
1721
2171
1877
69
2156
1584
1249
116
2178
1463
1881
2178
2175
1932
2181
2173
1886
2073
2093
1945
2161
1929
2049
1906
2078
2181
2172
2175
2115
2085
2092
2174
2180
2180
2180
2181
2163
1754
2137
1834
2073
2180
1583
2180
2167
2141
2000
1612
1997
2116
2178
2116
2090
1965
2171
2175
2170
2167
2171
2013
2181
2174
2163
2180
2178
1320
2070
130
2122
1819
1977
2180
2170
2067
2163
1954
1930
1885
2109
1399
2178
2029
2155
2132
1211
1747
2169
2079
2180
0
2157
2045
2127
2176
1542
1005
1717
1842
2103
2181
2156
2082
1834
1996
2131
2127
2151
2122
2179
1799
2176
2058
2124
2032
2032
1380
1893
1850
2176
1570
2019
1974
2167
1546
2155
0
2125
2075
2180
1734
1922
2073
2180
1935
2098
2180
2012
2122
2136
1885
2179
2086
1742
1460
2181
1985
2115
1905
2180
1467
2104
2139
2110
2179
1957
1838
2144
1909
2117
2181
2044
1920
2104
2164
1982
2086
2094
2181
2044
2105
2181
2141
2169
2178
2133
2067
1438
2166
2180
989
2179
2177
193
40
2179
2080
67
1274
2130
2057
2148
2080
2085
2180
2179
2181
1517
2174
2087