20
4
2
0
213
138
0
0
0
0
240
3
22
239
22
21
71
0
97
331
10
108
62
0
0
20
11
70
14
259
112
34
110
19
13
0
0
88
2
5
284
76
59
30
141
86
16
0
136
3
0
40
0
9
7
1
4
100
36
37
9
0
198
40
0
5
0
34
1
0
13
0
0
0
0
0
305
0
0
0
14
0
36
0
37
0
13
78
275
91
0
2
79
54
1
4
188
43
0
0
0
0
19
553
0
94
168
0
6
22
23
108
0
0
42
27
40
18
22
26
8
0
0
35
0
0
229
34
16
0
20
0
11
47
1
73
0
206
54
0
327
0
0
10
175
0
44
48
94
274
96
0
254
0
0
534
1
30
2
36
0
537
0
10
0
0
34
2
0
0
0
158
191
10
0
78
261
33
0
8
382
347
51
624
0
66
49
54
248
442
90
0
0
0
0
114
28
37
25
0
0
8
3
10
17
24
49
7
0
11
221
0
1
218
13
68
0
237
10
0
2
23
1
152
98
0
224
34
13
170
3
85
0
0
6
143
630
0
0
0
14
33
0
29
11
38
174
27
370
17
0
0
2
148
29
80
0
11
104
0
50
0
0
36
0
110
149
0
16
3
153
66
236
102
279
426
0
150
80
9
0
0
31
0
98
11
39
0
48
6
142
95
290
143
878
99
126
0
0
3
108
35
0
133
48
24
392
0
4
96
54
316
60
51
0
66
35
113
0
0
507
357
43
0
0
95
0
23
3
359
26
286
7
28
29
99
113
30
12
257
16
2
46
153
135
0
0
0
4
57
0
92
189
0
0
0
3
0
1
2
3
55
68
199
0
3
1
18
3
118
32
0
212
3
69
2
91
54
14
134
0
62
0
0
22
154
0
2
40
19
30
364
70
141
114
0
195
18
7
0
13
0
34
1
51
292
0
24
139
17
16
0
52
0
130
80
0
232
271
5
92
209
208
0
196
0
191
5
305
55
0
0
0
343
202
158
68
0
58
18
0
0
0
1
0
66
9
0
102
133
0
2
118
0
32
149
139
0
137
0
2
0
2
0
279
56
0
76
37
166
102
2
118
0
8
216
14
0
7
238
64
10
0
31
18
68
0
0
332
125
2
106
35
816
69
12
163
8
193
0
35
268
0
1
62
0
178
186
16
12
0
0
39
0
47
7
61
170
117
80
4
259
4
0
416
477
0
50
132
115
213
3
8
13
0
127
0
337
0
10
0
68
5
85
52
75
3
87
0
0
100
179
323
7
26
8
72
125
0
30
18
6
3
293
83
40
215
100
7
253
76
21
233
30
70
14
6
0
156
0
39
18
0
11
58
237
54
0
0
166
0
0
25
0
277
1
295
0
34
0
2
170
2
139
102
0
74
101
296
94
2
353
35
0
112
0
10
127
100
56
0
89
15
2
5
0
1
0
80
0
139
65
0
483
159
37
190
0
34
0
0
39
123
57
9
207
41
5
0
0
0
178
474
68
4
26
459
1
211
0
1
0
112
0
2
0
293
24
0
46
60
26
111
1
0
8
440
6
0
135
2
577
7
3
45
56
9
38
0
187
0
0
134
0
173
114
1
0
22
0
0
106
111
121
0
6
96
0
13
0
606
0
0
0
467
23
170
78
1
31
3
150
0
0
390
1
145
9
442
62
0
51
0
113
0
171
0
101
1
703
94
0
2
278
204
147
5
101
0
3
96
0
15
8
6
0
96
44
0
13
13
0
83
0
2
13
68
38
0
48
4
245
175
1
0
0
118
17
95
206
98
171
3
156
439
211
323
35
59
1
0
11
0
22
203
46
125
58
3
7
0
180
0
69
1
47
5
113
46
0
0
0
0
93
0
0
35
196
96
2
0
217
0
145
115
7
0
0
4
143
0
88
0
17
36
2
0
50
10
104
266
69
31
2
0
0
0
236
0
57
0
195
17
52
8
8
190
98
0
32
0
0
0
142
5
130
58
128
268
0
98
0
0
85
41
369
357
34
14
41
1
0
375
0
22
265
0
9
47
0
122
2
14
0
2
105
0
12
20
84
98
0
293
3
42
11
93
4
0
72
433
0
179
129
7
2
3
282
140
7
0
0
0
3
2
0
4
0
116
0
34
0
18
86
301
0
185
0
0
18
199
5
37
180
5
141
379
3
28
35
51
4
0
66
626
3
111
166
10
1
0
1
65
329
100
156
0
103
9
50
196
0
118
7
59
7
53
437
106
28
7
0
195
42
37
12
66
244
0
3
429
129
78
70
7
191
63
0
3