5.6501713
2.149969
5.290433
1.371006
0.13427544
2.3667707
0.6819
12.720495
1.3454409
2.2219973
3.2003727
0.6486025
1.2743607
1.14049
0.73252773
0.88018036
4.355049
1.5517788
0.31278324
1.4859939
0.07320595
2.922924
0.6016998
1.4007988
4.42774
3.3796997
1.6430511
0.38423634
0.40175247
1.4813461
1.9167652
1.1004391
1.2342329
2.6607037
0.3190117
2.5440645
0.26176643
1.0184689
4.2584496
1.1346474
0.17669582
0.39706135
1.7766142
3.6617165
10.399818
3.4575157
0.09668827
7.9526415
2.4940844
5.3528976
0.6271477
1.1730461
2.4975958
10.988331
0.23001146
3.585021
0.71068573
0.24969864
0.43749046
1.7889214
4.776285
2.0715532
1.9187989
1.190238
2.129095
1.1287727
0.42785168
2.532051
1.3160667
0.79901505
4.3305426
0.7491951
0.055153847
0.09505367
3.6119137
1.0092611
2.2572327
10.795023
0.8743477
0.16805363
6.7396297
1.0454521
6.6474876
0.015303612
1.4057722
2.78327
2.3323584
3.1403494
0.48188782
0.2417593
1.2431698
1.929594
0.2825632
0.51061153
7.5615587
1.4011135
0.72518444
0.122555256
10.86536
3.4712086
0.28956795
2.4179382
0.218256
0.51110744
4.179145
3.200037
0.068059444
0.57829857
1.0557632
1.2402105
13.323338
0.6909561
1.6246157
1.7635002
8.205355
3.4685297
0.17514801
2.7607198
0.59229183
0.08761883
6.789665
0.60651064
1.0652218
2.0604258
1.8161106
1.368022
13.195143
0.24016905
4.5147943
12.218785
1.6437464
11.319521
6.065756
4.309927
0.24276924
1.0154762
9.042753
5.947233
3.5472212
6.1536217
1.5021935
1.513464
7.128833
1.282011
2.6140623
1.9752178
0.8912325
0.45500278
1.7154369
1.939888
0.19828463
4.463381
1.5450077
0.6351299
1.8330765
3.112856
4.4957333
0.66625977
0.20983887
2.827691
0.6138897
0.40597534
8.0486355
0.08243656
0.04018116
5.9078617
2.2318125
0.18522549
0.15598679
2.8271713
0.30518913
3.630762
4.455636
1.7666264
1.9913797
2.882679
3.521243
5.569175
0.17562675
0.45772076
1.4123068
0.85950756
0.9281063
0.4742899
2.4885921
1.9013138
2.3268995
2.1564445
0.4223442
1.0407047
1.7068558
1.0808477
2.3221989
10.824396
1.8097305
4.518032
0.4775753
0.7597704
0.68087006
0.6509495
5.296582
0.9261217
1.3567877
9.369841
4.3948
5.5309277
4.421033
5.543948
0.290617
1.1834707
1.8570337
11.740811
1.1176019
0.64718056
0.40464926
0.34813786
0.48176193
0.19876671
0.06357956
0.42666912
1.2679071
0.4189558
3.251854
0.5538969
0.7267866
1.7787142
3.4718366
2.207075
2.3092499
3.1964693
1.7803612
1.6125689
3.2326145
0.9608288
0.38823414
5.914955
3.9177723
0.74667645
4.430208
1.3538666
0.020490646
11.469713
0.99917316
2.7355556
0.48647308
2.802372
1.9362745
3.8453274
1.1164169
4.6649914
5.7889357
0.52232075
1.683156
0.2549219
0.7959032
0.36174202
1.4296732
5.243333
3.7301874
2.9913225
7.396434
8.357783
3.8750696
0.89874554
2.112122
0.28518105
3.9781294
0.24022293
0.2900114
3.5737267
2.1566439
5.9358234
0.7404442
0.05865383
0.70369434
0.67746735
8.34491
0.9297676
3.307909
2.4674673
0.9049511
1.873805
13.502638
5.1882324
5.8941727
0.09982014
13.975277
3.1329536
0.21793365
3.4858398
0.06990194
1.5118752
2.259695
0.38363552
2.8049288
1.7912064
0.76092577
4.0866756
1.5581379
0.45722008
0.17934322
1.3101978
3.8960695
0.21550179
1.7548618
1.5180378
0.7452316
0.83976936
3.0915852
0.80596924
1.8379478
0.647522
0.2648697
0.44015884
1.1256351
0.8478708
1.3397579
3.5529547
0.6560154
0.23408413
0.074543
0.42998743
3.5260515
1.1020031
1.9638395
1.5870247
1.3526506
0.55210876
3.536953
2.9365044
1.1227007
1.195467
2.0803614
1.8047829
7.30375
0.88839245
4.178322
4.3814526
3.4421902
8.19035
0.6989136
1.4654484
5.590681
1.0129833
0.44875145
1.2556114
5.6253204
1.5124154
2.8385658
2.049902
0.28069687
0.54741096
2.0443115
1.7466459
5.3783684
9.33478
0.0672369
8.956076
2.264141
2.7948074
4.4799156
2.4403048
4.597768
3.0470738
2.3331184
14.086309
4.6867046
0.6079769
0.17581558
5.0869713
1.5722189
6.5555525
0.32279205
5.8721504
0.5774536
4.8192387
0.56855583
3.3158913
0.747139
2.3507786
1.0288043
1.9414101
3.421959
10.634501
0.6049795
1.5503483
14.116351
6.167039
0.07379198
1.5591011
1.0868859
0.99239063
0.07822323
0.95280266
3.0587435
3.4045873
1.5412788
3.258029
11.032341
2.5482101
0.7008877
0.8854065
1.7304883
2.696413
1.1637039
3.629387
0.45423508
4.291093
1.7917118
0.35693836
5.356847
0.11538315
3.291397
1.0967989
9.975647
0.07916355
0.29403973
0.6533804
5.707857
0.8164005
1.7904339
5.7674637
3.3678532
6.007206
1.3671947
0.94408417
2.668416
0.41911602
3.545353
3.1239781
6.8968754
4.566181
4.5615644
0.4367094
0.29841328
0.59951687
2.6341114
4.7019577
3.3804522
1.9368944
2.3849125
0.7101364
6.628196
1.0489769
5.9101944
1.034687
0.47732067
0.19162178
3.8054848
1.3640165
5.181711
0.11690521
1.249918
2.7992764
2.3946476
0.87978745
1.2093525
0.41095257
1.5725102
1.3890438
1.3996992
6.8454857
0.5293102
1.0732164
0.03722906
2.7421865
0.3612194
0.78277016
0.07401085
1.8169556
1.1956263
7.6604004
4.389285
3.7132912
0.047825813
1.319603
0.29161644
5.229143
4.1311903
4.2997346
8.079793
8.612024
11.93474
0.16060734
1.5078182
4.0937004
5.2502413
2.6857967
0.29346943
1.6288729
1.8690948
0.27213
3.8551083
0.30272675
0.11523914
6.3864517
0.23755932
0.1191082
0.5756912
0.39795876
9.242256
0.64551353
0.65579796
0.9320812
5.502019
0.15558529
2.7929688
0.45166206
3.345745
1.0323362
0.1881237
0.10327816
2.8608665
6.6085386
5.214491
0.53648376
1.0250931
7.2300835
0.50956726
1.2400131
0.8373747
1.2813492
4.665001
0.91747856
0.374712
0.046476364
0.15083408
3.516035
0.19081116
1.0971317
0.095861435
2.1593838
4.1778316
2.7068653
5.940011
0.90608597
1.0657454
1.1344261
0.74928284
0.19378424
5.1499634
2.3073826
1.052661
0.30272865
9.656389
6.643858
2.0982132
0.9767809
0.05970192
1.58142
3.93534
0.77460766
0.24760342
0.916811
4.4884214
1.5848503
0.21619415
2.5114975
0.38518906
0.22595596
8.252544
1.9766273
0.12495804
0.16350937
5.6525564
3.71146
0.15839577
4.335615
1.2754583
3.8326569
1.918827
0.0369606
9.337415
0.43958664
0.31926346
1.9697294
0.89275646
2.864437
0.8703995
5.002531
0.000954628
1.030983
1.861866
0.6081934
0.7432842
4.7011604
0.50751686
1.2314434
7.035675
3.3618374
2.9865847
0.2893362
0.9930296
12.438727
0.3001299
4.0387983
4.6565847
3.1687946
4.3657084
9.834673
0.6150789
0.1945076
0.3453207
0.9946232
7.5640984
16.441946
0.44635868
0.05672407
0.7154112
2.3933525
0.72245884
9.359047
0.15274334
1.9311867
0.16628075
1.3999691
1.5738592
8.820391
1.744937
5.5539227
3.1233711
2.5520067
7.1974106
2.359127
2.3338852
2.7515163
0.31614017
0.38007355
0.05856228
0.43008804
2.1037102
9.007343
7.4610806
0.59876823
19.567785
4.827297
1.6704392
5.655056
0.00481987
1.048459
4.031725
3.4426374
0.039972305
6.2310886
3.451582
0.42701435
1.0405817
1.7415562
4.226698
1.0818634
0.08397102
1.3279915
0.74008656
0.3002329
2.2993355
1.7726383
1.9504128
3.1435776
2.5730553
1.7185173
10.533366
0.89802456
0.79079723
0.4605465
2.9275541
8.395129
3.9963489
1.3161068
6.557125
1.769227
1.0431952
3.3420162
0.076374054
4.1479034
11.883633
2.1400414
1.8595886
1.4011078
2.1593666
1.8215733
6.2441273
4.441633
0.07944679
1.8622904
1.4353781
4.886015
5.7488565
0.3029499
6.7216225
2.3176389
7.304517
0.30911827
1.7509575
2.9796925
12.937233
1.8766403
0.7372799
0.39184666
2.2317085
7.0034065
0.714345
3.4081945
5.048703
0.36573124
2.422001
2.1746645
7.8116693
0.93337536
0.7687473
0.3265438
5.953074
0.27187347
1.4905758
1.0177841
6.906701
3.0543008
0.09695816
0.392807
0.6110401
8.120873
7.829858
0.7249174
0.12277031
4.5424576
1.635807
0.19922447
9.389744
0.5578842
4.3769774
1.9849272
0.18791962
7.2791224
6.1758547
0.39426327
3.470663
7.36796
0.15420055
0.08691311
12.018173
3.543209
1.6659651
2.3216066
0.8796377
2.0487766
0.34376144
1.9274731
3.1526928
1.1518021
4.8468676
1.6377902
0.71671295
1.3658104
4.1892195
3.5087757
0.29594755
5.8504925
1.2169027
3.0310774
6.0495377
1.1923618
5.924798
0.7295685
1.614171
0.9909153
21.59248
4.761818
3.5246
0.89130116
0.3324232
0.3244877
1.3406296
0.9111519
4.0579367
1.47225
5.5740414
0.82669544
0.49240685
0.6624155
4.4238515
0.7638254
4.6917744
3.1606293
0.18055534
0.7824936
1.0482326
4.915144
2.0247135
4.1240206
1.9327168
2.7350388
5.4108047
3.9531107
5.149992
12.147198
0.69207287
0.12824345
2.0189629
5.9165287
0.4472723
2.72297
0.6310644
6.0182858
0.7164192
0.0763402
3.5639334
2.4947023
0.903347
0.19144821
5.653508
0.99787235
2.6105456
4.6509895
5.4036007
2.0602198
7.5336246
3.636835
2.1919317
0.054899216
0.42432117
0.6334839
0.43889618
1.4741688
0.9910984
0.8168373
0.52713156
12.021058
0.8365555
3.847496
0.36046982
1.4503937
2.1263561
0.25954533
6.6445026
6.139145
4.4675636
3.7170486
0.6023426
0.3332405
0.117832184
1.3962526
0.15154648
4.751137
1.0468826
4.728202
8.764944
8.244228
0.08611584
0.25772572
0.15038204
1.129694
6.723753
0.6825943
1.5352268
0.5013094
7.6281633
4.7987576
6.54564
4.984806
8.427231
2.3087702
6.914975
2.6401463
5.3852577
4.9570236
8.6477785
1.56709
1.3816681
0.06690216
0.31966877
0.326087
1.4187126
4.810341
4.2113523
0.77142906
2.7074604
0.23237753
0.6772213
0.16350365
1.4366684
0.6068888
10.622064
0.37389374
4.4775667
0.6651497
0.47104836
0.6048727
3.5241146
1.7938786
9.636415
0.06990814
0.29790735
1.001936
2.9348774
3.6269617
1.7655296
0.5642414
1.5453749
1.8948755
2.2868576
4.293661
7.2813187
0.70074654
1.4356022
0.6002903
0.4586048
0.7796669
5.596916
2.24399
1.9636011
1.7459183
5.71091
1.1753302
2.3751497
1.6328082
0.1812334
1.7336636
1.1492176
0.4475031
9.837535
1.2708149
0.61308193
1.8701391
6.410598
0.8849621
0.33326244
0.0010414124
8.1952
0.40054893
5.0221634
0.792809
0.65557575
0.27842617
3.1249743
0.4847021
0.7352743
10.579001
1.0700092
1.97511
3.9292402
1.0341473
6.084873
1.2212353
0.83550453
1.1310601
4.9944344
3.0710683
3.968276
1.6089087
4.1216526
0.35543156
4.014538
0.24283695
8.280691
5.3854446
0.9842329
0.6400547
0.4205885
0.7857275
0.2643156
6.9181633
0.42145061
0.8910332
0.82845306
3.0481873
4.19477
0.39326
2.5057507
7.22573
0.8304386
0.34157753
6.3571434
2.2168903
4.104088
4.645687
0.92159367
0.6514044
1.8977194
3.869007
5.851803
0.32151604
5.58016
3.094633
0.054837227
0.018148422
10.9782095
1.3593073
0.05251789
0.48935795
1.7718906
1.397789
4.7203226
0.39961815
3.517562
2.3971262
0.15343332
7.3256426
1.3988533
4.10668
0.87777424