1168
2054
1173
1604
1853
1375
1566
1271
1609
1530
1271
1845
1705
2204
2479
2918
1600
1192
1888
1468
1704
1484
1123
1671
857
1022
843
1921
1775
2050
1699
1696
2015
2407
2305
1387
1073
1950
980
1716
1376
1539
2154
1584
1290
1422
1930
1123
1830
751
1020
1854
2466
844
1983
1676
3225
1139
1806
2172
1824
1519
1944
1744
1933
1522
1630
867
1311
3067
1556
1470
3573
4559
1128
1923
1371
893
3009
1591
966
1667
1452
4722
951
1247
1720
1661
1935
1207
1368
1950
1454
1522
1594
1947
2035
1466
911
1790
1128
1160
1772
2216
1466
1154
3330
2972
1831
1908
2169
1569
1699
1799
1755
1778
1979
1072
1692
1143
1064
932
1945
1315
1009
1415
1615
2180
509
871
1840
1419
1862
1758
2567
1553
781
779
2016
1488
1469
1083
1837
2185
2024
955
2546
1406
1527
1589
1419
1280
2009
1395
1606
1639
1306
2136
2231
1373
993
1355
1114
4729
1847
784
1078
1666
4381
1362
818
1423
615
1039
1608
1740
1855
734
1696
1620
2539
2227
1942
2120
2113
1774
1905
2043
1872
1252
1593
2228
1691
2002
1613
1475
2285
1737
1908
2292
998
1208
1252
1668
2010
971
2131
1958
2018
1401
1084
1186
1343
2049
1759
1247
832
1115
1029
1680
1287
1286
1654
759
1462
2209
1851
2332
1808
1048
1506
1840
1840
1109
2707
2265
1479
1725
1290
2192
2511
1226
1257
1399
2008
1790
1492
1199
1222
1220
1310
1138
1972
1681
1149
1195
1637
1172
1041
1273
1283
2092
959
1892
1623
2102
1311
1179
1321
2012
1755
1386
1692
4430
1137
1695
857
1454
1313
1604
1575
1153
984
1379
873
4572
2188
1904
1520
1964
3646
1125
959
1398
1539
2602
1542
1244
2070
1119
1893
2222
1354
1754
1364
2287
1650
1942
1409
1262
1418
1441
1497
1238
1449
2044
1269
1612
1385
2106
1707
1106
1746
1894
1239
1669
2247
1359
961
1481
2139
2285
1106
1492
1636
2373
1454
1021
1834
955
1468
2034
1421
1541
2366
2127
1448
1622
1602
687
2438
2357
1884
1626
767
1296
1653
1887
2172
1628
1347
2605
1553
1343
1237
1483
1079
1718
1311
1569
1810
1120
940
1276
1300
949
2144
1399
1706
1842
1695
1455
1545
1224
1438
1075
462
1181
2307
2399
1178
1977
3467
2372
1711
945
2136
1118
941
1782
1615
1060
1946
2390
2513
1681
1901
2210
1418
1616
1143
4591
1375
1623
1909
4531
1541
1614
1438
1400
1444
1454
1998
576
1431
1708
2584
1244
1643
1701
1326
981
1478
624
2599
1543
1187
1637
1319
1275
1588
2324
1654
1299
813
1236
2452
4493
1544
2078
1047
1854
1969
1300
1485
1103
1575
1381
1029
1247
1650
1370
1467
1317
1613
1279
1228
2229
2916
2315
2058
1233
1404
1087
4380
1108
1257
1522
935
1453
1720
1454
1631
1795
1636
1177
1854
1365
1359
1588
2957
1739
738
1651
4417
2786
1851
1746
1881
2835
801
2170
2577
1654
1094
4490
1433
1801
1475
1713
2783
795
1640
1348
865
1646
2113
1259
1686
1776
2385
1812
1622
1474
1375
2338
971
1909
1381
1312
2149
1388
1109
1877
1923
1644
1957
2491
1690
1723
1116
1697
1685
1860
1694
1368
1308
1520
4531
1591
1623
2603
1893
1656
1721
1416
2182
1589
2999
1713
928
1424
4345
2399
1135
836
2624
1169
1088
2138
1477
4386
1329
2051
2654
1159
2944
1361
1781
1643
2236
2092
1902
2024
2696
1022
1947
1895
651
1510
1234
3097
1812
2611
1866
1706
1091
1274
1985
1812
1754
3834
1793
1404
1593
840
1511
2054
1668
1834
1944
1345
1650
1451
4654
1604
2558
1838
1775
1212
1218
1275
996
1395
1874
1925
1994
1625
3192
2223
1087
1252
1478
2571
1554
1089
1863
1021
1979
1824
1492
1593
2170
1260
974
1963
1166
1598
1828
1385
4464
1960
1858
1125
1396
1443
1698
1045
2552
1217
853
2306
1820
1332
1344
925
1982
2370
1352
2003
1739
1446
1388
1439
1306
1464
2268
1094
2265
1599
1730
1012
2051
1249
1829
1581
1471
1138
1430
2098
2384
2197
1772
1177
1302
1563
1552
1796
1707
1540
1382
1348
835
1587
1316
2145
906
1421
1683
1785
1463
1942
2478
1079
1121
1366
2070
1534
1287
1529
1266
1511
1005
2526
2225
1513
1114
1534
1796
2236
2318
970
1064
1482
1529
1343
1616
1480
1433
1375
1691
886
1428
2290
1631
1381
1014
1906
1378
2034
1266
1041
1072
1295
923
959
1980
811
2027
2378
678
1949
2609
1656
1717
1469
1271
2314
972
1736
2108
2497
1895
1674
1390
1909
1982
2602
1733
1881
1456
1708
1670
2196
2028
1201
1630
2013
2138
1041
679
951
1350
1087
1888
1422
1831
1389
1696
1130
2886
1262
1995
1077
1565
1686
1868
1815
1165
1985
1229
1193
595
2108
810
1225
2225
922
1628
1969
1398
2190
1509
1529
1547
891
1979
1015
1337
1456
2046
1844
1107
1568
1203
904
1348
2290
973
2280
850
2107
1708
806
1527
987
2580
1611
2933
1443
594
1381
1820
1578
1307
985
1871
1444
1050
2376
1168
911
1496
1883
1237
1512
1949
3182
1604
2723
2329
781
1295
2049
1305
2037
1384
1388
1375
1734
1621
1764
1461
1227
1859
2022
1800
2091
861
4555
1036
1312
1585
847
2244
2600
2079
1987
1335
1060
1153
1560
2193
1636
1739
1838
1249
2005
934
1401
1565
1893
1588
1393
1860
2005
1400
1694
984
1572
1199
1658
1550
2242
1503
4825
1697
1421
735
2051
2012
1169
463
2155
1775
1275
1525
1273
1444
1844
1726
2487
1450
1023
930
2312
1951
1903
1091
2155
973
1017
1878
1536
2145
1675
1368
1616
1064
1144
1389
1112
1756
874
1850
1739
1714
1449
2331
1214
1166
1761
1419
1514
1439
1760
2011
1224
657
2459
1264
1364
2320
1831
1146
1053
2648
1814
1156
1922
2360
1808
1450
1453
827
2158
2750
2183
1588