20
252
212
51
40
385
58
0
414
139
205
483
14
873
120
1186
399
125
106
199
24
501
21
170
6
133
39
411
105
521
15
368
117
129
6
200
96
432
69
46
264
653
43
184
483
219
635
206
46
48
46
239
1
44
705
193
1
152
3
514
29
334
669
60
0
134
293
44
194
0
104
237
163
29
30
0
349
64
27
181
3
0
284
0
144
2
8
35
234
71
5
9
243
272
445
280
571
445
139
1
38
17
133
753
21
207
242
0
319
488
210
154
400
161
126
9
253
52
9
176
8
0
53
50
16
0
285
548
81
345
605
0
121
519
0
227
21
12
705
0
16
153
569
0
295
16
316
321
34
134
251
212
88
0
0
385
100
250
594
29
26
1
21
227
12
53
8
192
52
30
4
82
121
24
58
15
199
14
631
57
461
276
29
317
841
160
409
277
279
269
84
592
9
740
312
193
304
93
172
10
0
243
0
74
567
46
46
750
171
145
240
33
0
98
121
123
232
155
105
18
81
6
60
6
275
0
366
18
264
12
76
387
0
0
595
582
529
21
326
4
428
113
131
170
332
226
45
110
98
8
267
0
0
434
116
68
3
180
236
10
431
621
0
6
212
76
184
55
217
107
193
211
135
90
76
377
62
7
183
346
7
168
27
271
12
10
66
0
220
12
346
134
191
99
571
26
324
65
0
231
620
141
161
283
311
193
333
6
330
87
67
124
189
36
87
180
94
328
375
406
446
167
278
237
35
22
0
214
13
437
0
190
21
51
304
456
337
6
337
2
260
149
77
63
348
42
0
279
43
57
348
141
435
0
51
15
634
887
41
441
101
674
505
249
158
1
29
32
86
51
397
104
46
2
98
154
100
19
33
539
3
55
14
197
282
52
36
0
431
9
35
381
218
30
396
76
44
29
14
16
131
30
310
67
31
451
166
941
240
82
62
492
469
0
594
127
34
69
417
74
157
304
286
19
247
0
750
85
491
17
294
10
0
5
428
26
50
4
82
98
429
3
11
57
78
233
407
126
519
728
0
416
77
31
213
25
161
19
44
304
375
85
59
2
146
44
242
9
150
335
368
198
453
3
81
6
103
468
83
365
298
288
1
80
715
53
503
384
340
118
7
213
139
254
244
79
187
179
72
14
126
151
13
12
51
6
87
109
56
460
2
40
0
0
132
54
851
343
488
191
0
174
29
317
207
573
84
183
149
71
87
14
162
531
73
181
6
865
1
97
188
91
442
169
112
456
50
55
126
15
272
881
243
431
65
6
998
297
2
33
22
44
39
447
193
98
72
257
69
512
8
58
288
9
8
12
464
71
530
469
603
277
10
248
94
17
445
428
0
166
30
0
739
42
523
44
127
167
314
0
190
13
4
101
79
3
222
96
117
35
307
441
21
112
26
59
14
76
349
277
43
120
315
314
268
5
14
334
477
0
256
119
21
1239
125
132
15
46
0
363
426
83
242
352
120
268
35
128
0
39
0
799
321
117
199
371
404
0
835
57
122
1
307
53
132
0
46
19
462
0
216
71
236
18
98
459
1060
20
0
83
58
139
68
98
464
651
46
223
82
300
0
0
278
64
387
233
99
130
280
90
103
224
8
4
172
603
19
89
199
52
441
50
6
174
191
160
607
101
238
38
13
337
39
94
380
28
43
4
445
589
1
14
7
44
0
27
0
359
12
454
6
147
271
494
7
56
101
559
81
77
25
0
174
82
186
106
112
48
3
19
7
11
1023
20
276
7
17
2
16
14
35
164
355
12
147
8
597
8
375
155
178
440
92
126
401
49
66
196
522
161
264
104
0
45
137
135
692
213
101
63
0
284
0
264
2
99
128
100
246
50
13
375
40
591
0
247
122
107
594
56
0
287
259
142
333
34
0
375
95
35
1
677
4
38
227
38
121
180
112
28
4
710
43
41
12
4
0
447
0
389
0
428
172
32
406
10
717
309
99
459
55
343
4
193
70
269
891
258
596
45
348
0
54
254
78
593
188
22
31
3
4
13
194
3
81
192
196
816
76
27
195
112
12
41
59
358
6
316
256
248
250
6
800
128
80
130
91
133
278
191
417
69
182
30
480
747
154
68
249
9
245
45
1
35
16
6
52
204
91
246
541
16
34
471
80
414
400
210
499
524
495
787
76
15
101
207
741
555
56
602
109
34
3
278
731
190
156
261
2
179
12
26
767
9
98
67
17
251
529
25
219
58
229
112
38
24
342
194
105
714
440
195
140
245
362
233
88
595
1
132
779
372
197
464
49
443
460
0
120