1882
1997
2162
2129
1346
2149
2094
1893
2165
2135
1971
2003
1774
2070
1440
2156
2116
2175
1632
1592
1891
2180
2083
1849
2178
2125
2010
1932
1487
1981
1397
1952
1478
1736
457
1915
2059
1950
2105
1899
2102
2165
1409
1745
2113
1833
1998
2168
1612
2181
2153
1820
1359
1953
2180
2108
400
2033
1564
1923
1345
2173
2121
1707
1079
1768
2171
2147
2114
176
2107
2169
136
36
2168
2088
1967
2170
1283
2095
2114
1793
2088
0
2180
2168
1863
1731
1765
2165
1935
1432
1807
2087
2137
2000
1951
2126
2180
1882
2027
2138
1336
2086
2164
1758
202
759
1899
1980
1859
1782
2170
2158
1914
1558
1758
2035
1331
1838
2113
2138
1981
1641
2142
1332
1802
1935
2176
2181
2174
1881
1990
2159
528
2054
1937
2003
2116
1903
1099
2181
2155
519
2036
2052
1522
2153
1644
1988
2021
2125
1665
1655
2144
2145
1869
1806
476
2009
2171
1350
1925
230
1
2180
2044
1984
62
2031
2179
1816
2168
1640
1977
1348
1889
2119
2179
1594
1915
1553
1674
1840
2150
1844
1859
1899
1930
2127
1385
2173
1989
2126
2164
1991
1600
2061
1727
1532
1497
2178
2154
1881
2034
1689
1613
2151
1976
1989
1882
2179
1679
1604
1788
2078
2181
2112
2093
2111
1937
2027
1784
1841
2158
1401
1964
1328
2146
2136
2107
2159
1937
2045
1817
2039
2089
1883
2111
2163
446
2154
2170
1931
1930
1883
1513
2100
1937
2032
2078
1893
1543
2039
2162
1803
1010
2154
2118
2163
1980
2179
2181
1772
2177
1324
2085
1916
2172
1880
1881
1956
1985
102
1931
2093
1867
1020
1999
2156
1910
2163
1980
2179
2143
17
1655
1765
1968
2071
296
2074
1985
1911
2123
1089
2123
2061
1530
2153
2073
1826
2173
2057
2153
1732
1962
1764
2139
1459
1765
1956
2089
1707
1902
1484
2041
2003
2174
2167
2023
1969
1987
2160
1687
1612
1084
1994
2138
2090
1298
1412
2006
1795
2051
2053
2137
2119
1994
1980
1793
2043
2055
1305
1591
1973
1895
2171
1712
2084
1848
1674
2023
2095
2178
2170
2082
2181
1724
2166
2126
1672
2170
2093
2089
1456
2158
1956
1893
1979
2091
2121
1882
1719
1962
2180
1514
1928
1722
2037
1633
1807
1999
2090
2176
2003
2172
1935
198
1309
1586
1634
359
1211
1998
2158
854
2174
2140
1947
1879
1815
1697
1212
721
2102
1952
2181
2004
1859
1612
578
2123
1634
2004
125
123
2122
2132
2171
2146
2140
1810
2162
1977
2059
2143
1938
1726
1394
2181
2144
1261
2104
1445
1582
2024
2020
2028
1969
2169
1880
2118
1810
2176
2046
1718
133
2098
2111
1807
2158
1522
2137
2172
1908
1662
2171
2103
2177
2143
1826
1782
2157
136
1729
2181
1890
170
1641
2004
2129
2160
1995
217
1646
2052
2179
2028
2162
2044
2120
1205
1711
2181
2060
2179
2176
1785
1481
1198
2062
2170
1956
366
1506
1928
2150
1711
614
2045
1533
1475
1634
2141
11
2004
1794
1729
2162
3
2175
1598
1455
2052
1581
2091
2130
2097
1835
565
1734
1501
2180
1722
582
2170
1770
2117
1987
134
1469
2130
2181
2136
1506
1228
1977
1609
269
2054
2010
2163
90
1687
1981
2065
1230
171
1670
2055
2085
1812
2115
1688
1884
2164
1731
646
1760
1943
1752
47
433
2085
2138
125
2168
2130
2008
1944
157
2107
1734
1560
1900
1395
2033
2055
2181
394
1959
1945
1711
797
2111
2124
1939
2175
2104
2054
337
2092
1719
1963
2022
2041
2102
2057
1427
2169
22
1715
2059
2047
1884
2090
115
1646
1501
2129
2172
110
2181
30
2063
1645
1824
2170
2111
2170
2047
2165
2157
1901
1856
1617
2124
614
1414
2050
1556
2141
2174
1855
2071
1372
2112
65
2177
2163
1769
106
2105
2156
2147
1548
1627
1503
2003
0
1927
1925
1951
2142
2178
2127
1635
1913
2081
2180
1758
2032
2032
1922
2060
812
1223
2180
416
1992
1730
2075
1882
2031
2073
2065
2045
1411
1870
1536
2075
1875
2068
2065
2180
1843
2114
1730
1968
1649
1871
1919
2173
1978
1861
2047
1907
2172
1916
2168
1984
1786
1485
2175
2179
1975
2177
2113
1903
2134
1721
2012
2173
2056
2062
2070
1792
2181
2121
2107
2067
2116
1431
1732
2030
1595
1933
2131
2025
1775
1857
2128
1849
1657
1995
1463
1986
1789
2088
1466
2180
2105
1756
1280
1472
1960
1978
2001
1891
1974
2131
2053
2068
2130
2179
1749
2176
1506
1100
2020
1435
2079
1824
1960
1818
2120
767
2102
1370
1603
2040
1883
1838
2049
2005
2050
1112
2074
1819
2055
2109
548
1578
2001
2005
1505
2001
2067
2156
2180
1926
1950
2100
1591
2132
2146
2060
1143
2154
428
2031
1757
2093
1759
2074
1541
339
2169
1788
2134
2174
2136
1861
2181
2125
1216
2065
1975
1549
1807
2017
2045
1729
2032
2108
1206
2173
1901
1100
1126
2155
2174
1878
2178
2179
2174
1387
2136
1250
1844
2077
1745
2093
2024
1911
1016
2066
654
2150
2088
1990
2022
1721
2056
2079
2076
2059
2178
1866
2160
2179
2016
1932
1956
2007
2171
303
2073
1455
1624
2146
2009
1831
1671
2101
1925
1608
2061
1505
1944
2044
1968
1709
2121
1546
2039
2181
2141
32
2036
2016
1917
2176
1105
1609
1735
1909
2163
2175
2077
1942
1987
2020
2116
1801
2103
1995
2181
1841
2062
2147
1845
2003
2030
2136
2117
1703
2050
1643
2177
1322
2052
1430
2040
6
1879
2141
2153
2076
2034
2066
2175
1869
1526
2178
2115
2177
2178
2046
2089
2104
1731
1667
2142
1599
2024
2175
2149
1985
1942
2147
1857
2109
2000
2024
2025
1822
2141
2056
2171
2172
2173
1749
1531
1646
2122
2140
2092
1849
2090
1953
1852
2154
2106
2088
1941
1967
2165
1955
2129
2180
152
63
2144
2160
125
2059
1975
2039
2092
2133
2092
2181
2027
2104
1648
1592
2137