253
616
162
223
647
271
209
259
329
267
297
559
474
750
918
1054
354
117
606
393
351
357
165
475
21
223
135
509
606
580
527
550
717
792
953
243
166
596
127
493
211
464
734
423
305
337
628
132
556
21
118
511
978
181
519
305
1483
229
609
727
487
214
535
541
744
358
307
93
344
1229
197
237
1728
2300
80
358
328
51
1296
270
138
513
308
2328
116
229
605
386
614
146
317
824
412
328
441
384
665
386
106
540
227
162
511
823
225
264
1545
1166
496
562
636
466
267
285
451
536
662
156
687
236
160
121
479
327
98
509
454
736
57
185
400
269
379
405
1166
302
143
130
587
346
476
96
422
884
481
131
905
243
375
303
360
219
639
458
268
360
307
710
1019
296
74
468
174
2333
702
59
219
243
2162
288
23
303
76
264
414
618
476
21
450
481
967
777
636
676
633
454
504
582
536
281
471
525
379
554
319
254
806
367
602
799
279
149
200
383
576
257
729
697
459
206
297
98
439
708
476
249
134
216
108
255
319
237
475
152
262
852
523
972
236
102
244
364
572
238
947
624
439
540
188
323
1096
158
139
327
620
507
446
175
206
194
293
210
656
450
74
270
688
166
212
113
288
357
21
546
214
799
250
234
173
457
477
330
398
2186
243
405
189
519
304
310
337
230
192
203
75
2255
709
577
383
482
1634
205
162
321
570
1023
284
265
805
252
564
804
166
435
244
665
531
483
219
308
359
333
227
415
358
681
253
434
293
371
510
249
318
300
314
535
914
277
111
451
817
845
241
425
439
699
303
161
482
213
399
500
243
533
740
587
361
265
501
87
776
851
620
368
60
120
421
627
703
262
168
1052
367
267
198
460
124
495
259
350
507
130
186
291
314
62
805
310
439
555
505
418
391
198
227
170
34
277
993
1106
342
673
1704
1062
604
47
759
44
71
514
423
275
626
853
1040
363
471
692
323
392
323
2306
352
522
573
2262
576
217
418
180
190
380
567
42
362
509
752
266
639
601
224
110
478
45
950
438
166
300
249
330
360
756
243
337
44
242
850
2221
368
522
177
355
667
233
267
220
484
192
151
163
277
239
446
164
616
323
118
682
1360
780
621
223
369
171
2190
283
218
301
122
328
461
295
535
499
530
189
321
214
393
493
1239
356
100
440
2128
1064
528
235
544
1238
150
650
1015
444
118
2197
340
521
368
271
1169
29
502
351
112
454
725
225
426
606
1024
536
513
223
365
1047
93
659
257
259
854
432
162
358
376
513
738
978
650
668
208
376
364
703
538
402
192
523
2224
466
334
939
457
327
547
391
775
438
1330
550
136
364
2135
1036
148
130
1209
207
99
631
323
2176
298
712
1016
282
1222
232
558
313
985
540
617
744
1125
130
483
646
10
332
238
1381
635
871
607
312
217
158
534
518
261
1882
595
242
265
114
229
899
498
537
433
291
597
124
2309
340
953
405
231
282
159
241
219
278
541
557
657
280
1441
816
214
338
197
1189
347
141
656
118
773
209
367
431
834
344
64
433
279
472
715
304
2200
711
546
234
193
250
402
245
851
205
77
718
482
218
183
143
733
1013
292
828
405
368
260
397
271
375
1010
254
871
389
549
135
543
314
508
471
347
224
330
544
733
752
416
157
347
454
344
411
188
360
156
247
182
519
151
412
176
118
319
514
377
536
957
175
239
234
604
287
154
301
200
351
150
770
688
291
309
452
446
600
912
237
178
330
440
282
475
354
428
325
575
92
299
760
545
436
194
553
277
656
217
123
167
412
131
72
639
31
792
948
84
609
1028
522
403
422
212
924
113
620
837
611
546
385
328
537
618
1022
501
611
310
399
623
725
556
330
460
435
548
145
138
195
281
136
532
190
587
301
630
119
1261
269
659
207
455
349
706
698
166
582
119
232
29
564
35
186
704
104
529
630
399
468
333
450
365
88
630
252
287
417
768
537
116
352
117
43
68
853
158
908
135
582
485
82
366
158
1018
462
1236
423
48
342
452
443
400
143
668
397
72
760
155
150
418
401
191
422
615
1388
540
1005
849
57
205
550
393
574
344
412
249
578
469
504
311
271
335
694
442
627
139
2275
283
228
351
48
892
981
682
606
245
134
181
437
780
310
463
581
210
710
176
318
414
374
376
318
494
692
285
417
245
465
177
634
306
858
525
2384
315
246
96
455
529
136
23
677
515
281
330
135
364
461
510
729
344
257
90
773
754
454
106
597
197
194
604
309
767
380
366
421
142
198
124
91
607
140
583
586
226
260
666
313
180
454
359
207
218
328
591
261
73
847
350
138
1019
768
256
178
1222
545
273
476
747
474
278
281
121
463
973
828
297