6
106
96
8
10
200
8
0
186
51
96
315
0
526
32
819
199
49
53
95
7
267
5
68
4
73
14
216
40
285
1
198
46
28
0
58
38
235
31
7
122
404
11
89
246
91
386
86
8
11
9
83
0
17
385
64
0
65
0
293
7
139
394
41
0
36
139
18
81
0
18
109
58
6
5
0
179
12
9
59
2
0
141
0
57
0
0
2
154
20
0
1
141
118
271
85
299
240
55
0
14
1
58
506
2
93
108
0
150
245
49
74
201
56
48
3
167
12
0
82
0
0
5
11
8
0
132
305
26
158
305
0
31
239
0
92
2
2
410
0
0
67
312
0
114
1
145
141
9
42
134
101
31
0
0
193
38
123
327
1
7
0
4
84
0
10
1
79
22
6
0
22
42
3
20
3
91
1
351
23
226
134
1
143
513
70
192
115
113
130
24
337
0
414
142
66
167
31
83
4
0
87
0
23
337
6
8
525
65
42
121
4
0
25
68
34
89
43
36
2
31
2
18
1
115
0
205
3
71
1
20
179
0
0
330
299
304
6
128
0
172
20
44
71
186
99
10
33
32
1
135
0
0
207
20
22
0
61
104
2
210
240
0
0
99
23
72
11
86
10
90
94
38
30
23
165
16
2
78
164
0
67
8
85
0
0
13
0
102
1
91
33
69
27
371
0
118
9
0
101
362
46
53
112
140
55
201
0
141
46
31
46
45
14
27
81
32
157
195
132
239
96
95
85
15
4
0
81
1
251
0
75
7
11
144
207
173
0
148
0
165
36
22
22
161
9
0
116
14
16
181
60
254
0
21
1
323
554
14
190
34
465
267
92
68
0
3
6
20
9
228
39
12
0
29
44
30
2
13
328
0
14
3
74
132
18
12
0
207
3
7
215
96
4
287
17
13
6
3
2
50
8
169
21
4
218
66
559
93
20
24
214
249
0
323
36
11
15
251
28
49
159
128
5
89
0
389
27
348
4
151
1
0
1
236
9
18
0
18
31
252
0
0
16
16
107
249
57
287
373
0
233
23
4
143
7
64
4
9
118
176
16
17
0
73
8
77
1
96
147
179
88
224
1
8
1
42
211
13
172
135
143
0
36
447
10
209
177
174
45
0
63
52
126
86
9
104
62
29
6
67
46
2
0
26
1
42
42
20
171
0
9
0
0
41
22
527
144
260
90
0
60
9
146
114
321
20
81
59
31
39
1
56
201
4
83
2
595
0
30
96
31
235
68
56
251
16
23
58
2
108
617
75
196
26
1
668
160
0
4
6
8
9
206
80
47
22
119
19
263
1
10
134
5
1
0
321
17
321
238
395
127
0
84
44
3
258
252
0
64
5
0
441
0
304
5
45
33
148
0
51
3
1
32
16
0
52
40
48
7
127
227
6
32
12
15
0
15
124
128
23
36
153
143
135
0
1
136
178
0
115
57
0
899
42
46
5
6
0
124
248
22
126
224
20
109
4
54
0
8
0
504
151
37
75
141
206
0
471
19
45
0
164
11
38
0
24
4
237
0
111
23
112
3
31
229
746
4
0
37
6
37
19
32
266
385
7
94
14
141
0
0
104
12
190
111
28
46
84
15
34
73
4
0
58
296
4
25
80
16
242
9
0
52
94
53
332
30
105
6
2
162
18
12
178
5
10
0
219
305
0
6
3
7
0
4
0
162
3
227
1
50
129
280
1
17
51
304
15
15
6
0
75
44
88
38
45
4
0
1
1
1
717
1
122
1
0
1
3
3
6
48
177
1
52
0
352
2
225
77
74
207
23
55
201
16
20
77
251
59
107
34
0
14
66
61
451
113
54
26
0
144
0
96
0
38
69
32
108
9
2
182
7
334
0
86
46
40
355
20
0
63
115
70
142
4
0
195
31
8
0
394
1
3
70
9
19
93
48
9
0
369
15
15
1
0
0
257
0
207
0
219
66
12
244
3
475
193
32
261
11
127
0
68
25
141
516
97
390
3
183
0
20
83
25
336
87
8
4
0
1
2
109
0
25
94
45
511
30
9
115
42
3
19
38
231
0
132
145
86
99
0
496
40
15
39
27
42
134
53
225
19
95
7
256
514
64
21
128
3
116
17
0
8
2
0
2
78
47
106
291
3
9
276
35
218
186
84
259
259
305
405
18
3
36
93
467
273
10
328
34
9
0
117
433
77
64
100
0
72
3
3
475
0
41
28
3
105
329
10
77
30
98
41
12
3
168
105
43
409
233
74
72
121
172
99
23
358
0
40
481
173
61
195
6
182
274
0
28