1613
1711
2054
1992
1015
2095
1971
1595
2018
1963
1760
1802
1493
1893
1110
2051
1992
2130
1276
1401
1578
2152
1920
1638
2116
1859
1787
1815
1252
1804
1093
1752
1216
1418
272
1780
1922
1723
1919
1557
1975
2090
1136
1501
1955
1597
1857
2073
1355
2147
2062
1562
894
1711
2125
1855
261
1907
1186
1644
1094
2089
2018
1311
796
1576
2082
2059
2007
70
1933
2092
40
8
2061
1838
1800
2108
885
1916
1909
1500
1881
0
2131
2079
1508
1401
1478
2002
1677
1062
1609
1921
1975
1815
1703
1990
2148
1497
1809
1940
1063
1861
2051
1609
81
394
1678
1812
1523
1525
2121
1992
1675
1317
1434
1806
1108
1626
1972
1957
1649
1336
2032
1013
1596
1687
2109
2153
2139
1627
1832
2085
338
1869
1710
1861
1941
1594
834
2176
2039
387
1830
1872
1263
2050
1357
1827
1808
1990
1311
1385
2003
1975
1672
1466
240
1793
2117
1062
1694
86
0
2152
1747
1826
29
1773
2155
1536
2119
1394
1725
977
1626
1988
2128
1250
1506
1336
1363
1505
2059
1618
1648
1646
1642
1997
1157
2101
1723
2048
2022
1802
1385
1847
1469
1099
1213
2102
2049
1508
1854
1420
1153
2022
1736
1784
1661
2142
1422
1190
1525
1895
2131
1887
1971
1934
1581
1818
1512
1659
2046
956
1720
895
2039
2012
1970
2054
1527
1827
1482
1834
1928
1540
2015
2051
202
2056
2108
1672
1608
1707
1352
1971
1775
1759
1921
1638
1229
1884
2082
1658
779
1989
2033
2056
1765
2126
2162
1479
2102
996
1869
1690
2097
1633
1599
1699
1778
31
1722
1863
1664
800
1811
2029
1625
2091
1672
2128
2052
1
1310
1410
1779
1768
89
1817
1777
1676
1886
852
1979
1879
1174
2059
1959
1520
2098
1750
2083
1429
1714
1426
2039
1207
1437
1696
1919
1439
1723
1274
1801
1766
2125
2074
1827
1705
1730
2060
1578
1307
753
1819
1964
1887
980
1111
1743
1569
1844
1691
1967
1928
1746
1664
1641
1777
1862
1112
1374
1631
1550
2084
1417
1897
1563
1262
1834
1844
2126
2121
1979
2163
1347
2098
2015
1372
2102
1905
1946
1119
2049
1702
1758
1617
1894
2018
1686
1432
1668
2158
1136
1666
1341
1834
1410
1542
1728
1902
2114
1748
2097
1671
62
894
1332
1399
187
839
1672
2057
709
2116
1988
1581
1614
1501
1481
875
530
1953
1709
2140
1821
1687
1291
254
2068
1250
1860
49
44
1975
1912
2118
2057
1949
1553
2074
1745
1705
1995
1754
1499
1039
2175
2012
948
1940
1309
1377
1911
1797
1892
1747
2102
1383
1888
1588
2152
1892
1474
64
1956
1941
1587
2087
1225
1909
2084
1668
1380
2096
1918
2154
2072
1558
1509
2045
64
1495
2148
1619
104
1350
1745
2004
2034
1743
55
1426
1866
2126
1929
2007
1876
1916
956
1484
2173
1904
2145
2134
1656
1259
742
1840
2135
1659
151
1038
1659
2070
1401
414
1902
1184
1024
1375
2052
2
1776
1508
1554
2122
0
2120
1260
1191
1934
1285
2050
1957
1963
1545
395
1511
1182
2144
1479
356
2044
1432
1984
1802
63
1104
1998
2149
1924
1240
980
1700
1324
114
1840
1823
2032
20
1427
1832
2004
1022
81
1325
1804
1867
1601
1977
1361
1645
2095
1642
387
1449
1705
1477
10
231
1901
2014
35
2087
1967
1755
1630
42
1909
1427
1069
1663
1067
1890
1889
2147
222
1704
1565
1229
601
1961
1976
1654
2111
1911
1854
180
1959
1264
1778
1772
1794
1903
1828
1069
2044
4
1369
1887
1739
1613
1922
47
1412
1315
1901
2099
68
2140
16
1892
1201
1545
2111
1930
2062
1887
2090
2043
1667
1527
1207
1989
310
1016
1876
1308
1989
2035
1527
1945
1132
1963
21
2132
2066
1607
12
1987
2071
1937
1354
1474
1091
1736
0
1784
1663
1735
2013
2082
1980
1385
1740
1893
2128
1327
1859
1821
1758
1879
569
953
2172
237
1813
1508
1905
1577
1768
1879
1930
1859
1052
1549
1224
1909
1544
1848
1882
2167
1629
1918
1542
1781
1199
1490
1695
2070
1771
1570
1879
1660
2081
1731
2079
1788
1518
1239
2108
2133
1790
2126
1972
1534
2033
1424
1421
2103
1906
1961
1916
1571
2173
1927
1953
1869
1936
997
1480
1795
1387
1685
1913
1849
1243
1566
1930
1636
1344
1724
1187
1842
1485
1958
1215
2118
1998
1453
1014
1219
1812
1819
1837
1563
1780
1984
1962
1736
2014
2131
1362
2124
1053
779
1834
1237
1919
1490
1703
1526
1955
562
1910
1074
1207
1635
1745
1554
1865
1644
1842
841
1915
1525
1814
1915
282
1395
1640
1754
1233
1812
1784
2074
2169
1709
1670
1934
1299
2014
1984
1870
859
2049
265
1874
1483
1891
1357
1874
1204
165
2114
1519
1951
2085
2031
1778
2169
2010
933
1987
1795
1278
1474
1738
1852
1466
1822
1883
891
2126
1717
965
798
2054
2077
1645
2154
2153
2101
1098
1997
959
1623
1912
1518
1935
1764
1579
758
1865
415
1969
1880
1874
1776
1438
1893
1842
1911
1803
2140
1628
2056
2147
1664
1729
1798
1785
2108
140
1945
1147
1363
2002
1740
1537
1437
1920
1655
1266
1864
1320
1635
1749
1747
1413
1975
1243
1782
2125
1978
10
1827
1862
1674
2138
864
1300
1339
1737
2072
2126
1897
1611
1814
1768
1830
1534
1888
1540
2165
1721
1864
1989
1622
1770
1855
2057
1921
1418
1835
1290
2140
1032
1740
1074
1662
0
1609
2005
2043
1832
1864
1989
2120
1598
1272
2168
1921
2139
2124
1871
1926
1954
1627
1375
2050
1348
1738
2044
2047
1822
1747
2020
1430
1932
1765
1807
1832
1600
1979
1941
2108
2122
2108
1488
1264
1287
1963
2005
1910
1588
2024
1642
1702
2026
1945
1825
1685
1773
2056
1684
2056
2139
90
13
2016
2066
39
1909
1668
1761
1921
1883
1914
2172
1825
1939
1332
1055
1963